0 0 0.000000
0 1 0.000000
0 2 0.000000
0 3 0.000000
0 4 0.000000
0 5 0.000000
0 6 0.000000
0 7 0.000000
0 8 0.000000
0 9 0.000000
0 10 0.000000
0 11 0.000000
0 12 0.000000
0 13 0.000000
0 14 0.000000
0 15 0.000000
0 16 0.000000
0 17 0.000000
0 18 0.000000
0 19 0.000000
0 20 0.000000
0 21 0.000000
0 22 0.000000
0 23 0.000000
0 24 0.000000
0 25 0.000000
0 26 0.000000
0 27 0.000000
0 28 0.000000
0 29 0.000000
0 30 0.000000
0 31 0.000000
0 32 0.000000
0 33 0.000000
0 34 0.000000
0 35 0.000000
0 36 0.000000
0 37 0.000000
0 38 0.000000
0 39 0.000000
0 40 0.000000
0 41 0.000000
0 42 0.000000
0 43 0.000000
0 44 0.000000
0 45 0.000000
0 46 0.000000
0 47 0.000000
0 48 0.000000
0 49 0.000000
0 50 0.000000
0 51 0.000000
0 52 0.000000
0 53 0.000000
0 54 0.000000
0 55 0.000000
0 56 0.000000
0 57 0.000000
0 58 0.000000
0 59 0.000000
0 60 0.000000
0 61 0.000000
0 62 0.000000
0 63 0.000000

1 0 0.000000
1 1 0.000000
1 2 0.000000
1 3 0.000000
1 4 0.000000
1 5 0.000000
1 6 0.000001
1 7 0.000001
1 8 0.000001
1 9 0.000002
1 10 0.000003
1 11 0.000004
1 12 0.000006
1 13 0.000009
1 14 0.000012
1 15 0.000017
1 16 0.000023
1 17 0.000030
1 18 0.000038
1 19 0.000049
1 20 0.000060
1 21 0.000074
1 22 0.000088
1 23 0.000104
1 24 0.000121
1 25 0.000138
1 26 0.000154
1 27 0.000169
1 28 0.000183
1 29 0.000194
1 30 0.000203
1 31 0.000208
1 32 0.000210
1 33 0.000208
1 34 0.000203
1 35 0.000194
1 36 0.000183
1 37 0.000169
1 38 0.000154
1 39 0.000138
1 40 0.000121
1 41 0.000104
1 42 0.000088
1 43 0.000074
1 44 0.000060
1 45 0.000049
1 46 0.000038
1 47 0.000030
1 48 0.000023
1 49 0.000017
1 50 0.000012
1 51 0.000009
1 52 0.000006
1 53 0.000004
1 54 0.000003
1 55 0.000002
1 56 0.000001
1 57 0.000001
1 58 0.000001
1 59 0.000000
1 60 0.000000
1 61 0.000000
1 62 0.000000
1 63 0.000000

2 0 0.000000
2 1 0.000000
2 2 0.000000
2 3 0.000000
2 4 0.000000
2 5 0.000001
2 6 0.000001
2 7 0.000002
2 8 0.000003
2 9 0.000005
2 10 0.000007
2 11 0.000010
2 12 0.000014
2 13 0.000020
2 14 0.000028
2 15 0.000038
2 16 0.000051
2 17 0.000066
2 18 0.000085
2 19 0.000108
2 20 0.000134
2 21 0.000163
2 22 0.000196
2 23 0.000230
2 24 0.000267
2 25 0.000303
2 26 0.000339
2 27 0.000373
2 28 0.000403
2 29 0.000427
2 30 0.000446
2 31 0.000458
2 32 0.000462
2 33 0.000458
2 34 0.000446
2 35 0.000427
2 36 0.000403
2 37 0.000373
2 38 0.000339
2 39 0.000303
2 40 0.000267
2 41 0.000230
2 42 0.000196
2 43 0.000163
2 44 0.000134
2 45 0.000108
2 46 0.000085
2 47 0.000066
2 48 0.000051
2 49 0.000038
2 50 0.000028
2 51 0.000020
2 52 0.000014
2 53 0.000010
2 54 0.000007
2 55 0.000005
2 56 0.000003
2 57 0.000002
2 58 0.000001
2 59 0.000001
2 60 0.000000
2 61 0.000000
2 62 0.000000
2 63 0.000000

3 0 0.000000
3 1 0.000000
3 2 0.000000
3 3 0.000001
3 4 0.000001
3 5 0.000001
3 6 0.000002
3 7 0.000004
3 8 0.000006
3 9 0.000008
3 10 0.000012
3 11 0.000018
3 12 0.000026
3 13 0.000037
3 14 0.000051
3 15 0.000069
3 16 0.000092
3 17 0.000121
3 18 0.000155
3 19 0.000196
3 20 0.000243
3 21 0.000297
3 22 0.000355
3 23 0.000418
3 24 0.000484
3 25 0.000551
3 26 0.000615
3 27 0.000676
3 28 0.000730
3 29 0.000775
3 30 0.000809
3 31 0.000830
3 32 0.000837
3 33 0.000830
3 34 0.000809
3 35 0.000775
3 36 0.000730
3 37 0.000676
3 38 0.000615
3 39 0.000551
3 40 0.000484
3 41 0.000418
3 42 0.000355
3 43 0.000297
3 44 0.000243
3 45 0.000196
3 46 0.000155
3 47 0.000121
3 48 0.000092
3 49 0.000069
3 50 0.000051
3 51 0.000037
3 52 0.000026
3 53 0.000018
3 54 0.000012
3 55 0.000008
3 56 0.000006
3 57 0.000004
3 58 0.000002
3 59 0.000001
3 60 0.000001
3 61 0.000000
3 62 0.000000
3 63 0.000000

4 0 0.000000
4 1 0.000000
4 2 0.000000
4 3 0.000001
4 4 0.000001
4 5 0.000002
4 6 0.000004
4 7 0.000006
4 8 0.000009
4 9 0.000014
4 10 0.000021
4 11 0.000031
4 12 0.000044
4 13 0.000062
4 14 0.000086
4 15 0.000117
4 16 0.000156
4 17 0.000204
4 18 0.000262
4 19 0.000331
4 20 0.000410
4 21 0.000500
4 22 0.000599
4 23 0.000705
4 24 0.000815
4 25 0.000927
4 26 0.001035
4 27 0.001137
4 28 0.001228
4 29 0.001303
4 30 0.001360
4 31 0.001395
4 32 0.001407
4 33 0.001395
4 34 0.001360
4 35 0.001303
4 36 0.001228
4 37 0.001137
4 38 0.001035
4 39 0.000927
4 40 0.000815
4 41 0.000705
4 42 0.000599
4 43 0.000500
4 44 0.000410
4 45 0.000331
4 46 0.000262
4 47 0.000204
4 48 0.000156
4 49 0.000117
4 50 0.000086
4 51 0.000062
4 52 0.000044
4 53 0.000031
4 54 0.000021
4 55 0.000014
4 56 0.000009
4 57 0.000006
4 58 0.000004
4 59 0.000002
4 60 0.000001
4 61 0.000001
4 62 0.000000
4 63 0.000000

5 0 0.000000
5 1 0.000000
5 2 0.000001
5 3 0.000001
5 4 0.000002
5 5 0.000004
5 6 0.000006
5 7 0.000010
5 8 0.000015
5 9 0.000023
5 10 0.000035
5 11 0.000050
5 12 0.000072
5 13 0.000101
5 14 0.000140
5 15 0.000189
5 16 0.000252
5 17 0.000329
5 18 0.000423
5 19 0.000534
5 20 0.000661
5 21 0.000805
5 22 0.000964
5 23 0.001133
5 24 0.001310
5 25 0.001488
5 26 0.001662
5 27 0.001824
5 28 0.001969
5 29 0.002089
5 30 0.002179
5 31 0.002235
5 32 0.002254
5 33 0.002235
5 34 0.002179
5 35 0.002089
5 36 0.001969
5 37 0.001824
5 38 0.001662
5 39 0.001488
5 40 0.001310
5 41 0.001133
5 42 0.000964
5 43 0.000805
5 44 0.000661
5 45 0.000534
5 46 0.000423
5 47 0.000329
5 48 0.000252
5 49 0.000189
5 50 0.000140
5 51 0.000101
5 52 0.000072
5 53 0.000050
5 54 0.000035
5 55 0.000023
5 56 0.000015
5 57 0.000010
5 58 0.000006
5 59 0.000004
5 60 0.000002
5 61 0.000001
5 62 0.000001
5 63 0.000000

6 0 0.000000
6 1 0.000001
6 2 0.000001
6 3 0.000002
6 4 0.000004
6 5 0.000006
6 6 0.000010
6 7 0.000016
6 8 0.000025
6 9 0.000037
6 10 0.000055
6 11 0.000080
6 12 0.000114
6 13 0.000160
6 14 0.000221
6 15 0.000299
6 16 0.000398
6 17 0.000519
6 18 0.000666
6 19 0.000840
6 20 0.001039
6 21 0.001264
6 22 0.001512
6 23 0.001776
6 24 0.002051
6 25 0.002328
6 26 0.002598
6 27 0.002850
6 28 0.003074
6 29 0.003261
6 30 0.003401
6 31 0.003487
6 32 0.003517
6 33 0.003487
6 34 0.003401
6 35 0.003261
6 36 0.003074
6 37 0.002850
6 38 0.002598
6 39 0.002328
6 40 0.002051
6 41 0.001776
6 42 0.001512
6 43 0.001264
6 44 0.001039
6 45 0.000840
6 46 0.000666
6 47 0.000519
6 48 0.000398
6 49 0.000299
6 50 0.000221
6 51 0.000160
6 52 0.000114
6 53 0.000080
6 54 0.000055
6 55 0.000037
6 56 0.000024
6 57 0.000016
6 58 0.000010
6 59 0.000006
6 60 0.000004
6 61 0.000002
6 62 0.000001
6 63 0.000000

7 0 0.000000
7 1 0.000001
7 2 0.000002
7 3 0.000004
7 4 0.000006
7 5 0.000010
7 6 0.000016
7 7 0.000025
7 8 0.000038
7 9 0.000058
7 10 0.000086
7 11 0.000125
7 12 0.000178
7 13 0.000249
7 14 0.000343
7 15 0.000464
7 16 0.000616
7 17 0.000803
7 18 0.001029
7 19 0.001295
7 20 0.001601
7 21 0.001945
7 22 0.002323
7 23 0.002726
7 24 0.003145
7 25 0.003567
7 26 0.003978
7 27 0.004361
7 28 0.004702
7 29 0.004984
7 30 0.005197
7 31 0.005328
7 32 0.005373
7 33 0.005328
7 34 0.005197
7 35 0.004984
7 36 0.004702
7 37 0.004361
7 38 0.003978
7 39 0.003567
7 40 0.003145
7 41 0.002726
7 42 0.002323
7 43 0.001945
7 44 0.001601
7 45 0.001295
7 46 0.001029
7 47 0.000803
7 48 0.000616
7 49 0.000464
7 50 0.000343
7 51 0.000249
7 52 0.000178
7 53 0.000125
7 54 0.000086
7 55 0.000058
7 56 0.000038
7 57 0.000025
7 58 0.000016
7 59 0.000010
7 60 0.000006
7 61 0.000003
7 62 0.000001
7 63 0.000000

8 0 0.000000
8 1 0.000001
8 2 0.000003
8 3 0.000006
8 4 0.000009
8 5 0.000015
8 6 0.000025
8 7 0.000038
8 8 0.000059
8 9 0.000089
8 10 0.000131
8 11 0.000191
8 12 0.000272
8 13 0.000380
8 14 0.000523
8 15 0.000706
8 16 0.000935
8 17 0.001218
8 18 0.001558
8 19 0.001958
8 20 0.002418
8 21 0.002935
8 22 0.003501
8 23 0.004104
8 24 0.004730
8 25 0.005360
8 26 0.005972
8 27 0.006543
8 28 0.007049
8 29 0.007470
8 30 0.007785
8 31 0.007980
8 32 0.008047
8 33 0.007980
8 34 0.007785
8 35 0.007470
8 36 0.007049
8 37 0.006543
8 38 0.005972
8 39 0.005360
8 40 0.004730
8 41 0.004104
8 42 0.003501
8 43 0.002935
8 44 0.002418
8 45 0.001958
8 46 0.001558
8 47 0.001218
8 48 0.000935
8 49 0.000706
8 50 0.000523
8 51 0.000380
8 52 0.000272
8 53 0.000191
8 54 0.000131
8 55 0.000089
8 56 0.000059
8 57 0.000038
8 58 0.000024
8 59 0.000015
8 60 0.000009
8 61 0.000005
8 62 0.000002
8 63 0.000000

9 0 0.000000
9 1 0.000002
9 2 0.000005
9 3 0.000008
9 4 0.000014
9 5 0.000023
9 6 0.000037
9 7 0.000058
9 8 0.000089
9 9 0.000133
9 10 0.000197
9 11 0.000286
9 12 0.000407
9 13 0.000569
9 14 0.000781
9 15 0.001053
9 16 0.001394
9 17 0.001813
9 18 0.002315
9 19 0.002906
9 20 0.003584
9 21 0.004344
9 22 0.005175
9 23 0.006060
9 24 0.006977
9 25 0.007898
9 26 0.008792
9 27 0.009625
9 28 0.010364
9 29 0.010976
9 30 0.011435
9 31 0.011720
9 32 0.011816
9 33 0.011720
9 34 0.011435
9 35 0.010976
9 36 0.010364
9 37 0.009625
9 38 0.008792
9 39 0.007898
9 40 0.006977
9 41 0.006060
9 42 0.005175
9 43 0.004344
9 44 0.003584
9 45 0.002906
9 46 0.002315
9 47 0.001813
9 48 0.001394
9 49 0.001053
9 50 0.000781
9 51 0.000569
9 52 0.000407
9 53 0.000286
9 54 0.000197
9 55 0.000133
9 56 0.000089
9 57 0.000058
9 58 0.000037
9 59 0.000023
9 60 0.000014
9 61 0.000008
9 62 0.000003
9 63 0.000000

10 0 0.000000
10 1 0.000003
10 2 0.000007
10 3 0.000012
10 4 0.000021
10 5 0.000035
10 6 0.000055
10 7 0.000086
10 8 0.000131
10 9 0.000197
10 10 0.000291
10 11 0.000421
10 12 0.000599
10 13 0.000836
10 14 0.001146
10 15 0.001542
10 16 0.002038
10 17 0.002646
10 18 0.003376
10 19 0.004231
10 20 0.005211
10 21 0.006307
10 22 0.007504
10 23 0.008776
10 24 0.010093
10 25 0.011413
10 26 0.012693
10 27 0.013885
10 28 0.014940
10 29 0.015815
10 30 0.016470
10 31 0.016876
10 32 0.017013
10 33 0.016876
10 34 0.016470
10 35 0.015815
10 36 0.014940
10 37 0.013885
10 38 0.012693
10 39 0.011413
10 40 0.010093
10 41 0.008776
10 42 0.007504
10 43 0.006307
10 44 0.005211
10 45 0.004231
10 46 0.003376
10 47 0.002646
10 48 0.002038
10 49 0.001542
10 50 0.001146
10 51 0.000836
10 52 0.000599
10 53 0.000421
10 54 0.000291
10 55 0.000197
10 56 0.000131
10 57 0.000086
10 58 0.000055
10 59 0.000034
10 60 0.000021
10 61 0.000011
10 62 0.000005
10 63 0.000000

11 0 0.000000
11 1 0.000004
11 2 0.000010
11 3 0.000018
11 4 0.000031
11 5 0.000050
11 6 0.000080
11 7 0.000125
11 8 0.000191
11 9 0.000286
11 10 0.000421
11 11 0.000609
11 12 0.000865
11 13 0.001205
11 14 0.001649
11 15 0.002216
11 16 0.002925
11 17 0.003792
11 18 0.004830
11 19 0.006044
11 20 0.007432
11 21 0.008983
11 22 0.010674
11 23 0.012468
11 24 0.014321
11 25 0.016177
11 26 0.017973
11 27 0.019644
11 28 0.021122
11 29 0.022346
11 30 0.023262
11 31 0.023829
11 32 0.024021
11 33 0.023829
11 34 0.023262
11 35 0.022346
11 36 0.021122
11 37 0.019644
11 38 0.017973
11 39 0.016177
11 40 0.014321
11 41 0.012468
11 42 0.010674
11 43 0.008983
11 44 0.007432
11 45 0.006044
11 46 0.004830
11 47 0.003792
11 48 0.002925
11 49 0.002216
11 50 0.001649
11 51 0.001205
11 52 0.000865
11 53 0.000609
11 54 0.000421
11 55 0.000286
11 56 0.000191
11 57 0.000125
11 58 0.000080
11 59 0.000050
11 60 0.000030
11 61 0.000017
11 62 0.000007
11 63 0.000000

12 0 0.000000
12 1 0.000006
12 2 0.000014
12 3 0.000026
12 4 0.000044
12 5 0.000072
12 6 0.000114
12 7 0.000178
12 8 0.000272
12 9 0.000407
12 10 0.000599
12 11 0.000865
12 12 0.001226
12 13 0.001705
12 14 0.002330
12 15 0.003126
12 16 0.004120
12 17 0.005332
12 18 0.006781
12 19 0.008472
12 20 0.010403
12 21 0.012555
12 22 0.014896
12 23 0.017377
12 24 0.019934
12 25 0.022491
12 26 0.024963
12 27 0.027258
12 28 0.029287
12 29 0.030965
12 30 0.032220
12 31 0.032997
12 32 0.033259
12 33 0.032997
12 34 0.032220
12 35 0.030965
12 36 0.029287
12 37 0.027258
12 38 0.024963
12 39 0.022491
12 40 0.019934
12 41 0.017377
12 42 0.014896
12 43 0.012555
12 44 0.010403
12 45 0.008472
12 46 0.006781
12 47 0.005332
12 48 0.004120
12 49 0.003126
12 50 0.002330
12 51 0.001705
12 52 0.001226
12 53 0.000865
12 54 0.000599
12 55 0.000407
12 56 0.000272
12 57 0.000178
12 58 0.000114
12 59 0.000072
12 60 0.000043
12 61 0.000024
12 62 0.000011
12 63 0.000000

13 0 0.000000
13 1 0.000009
13 2 0.000020
13 3 0.000037
13 4 0.000062
13 5 0.000101
13 6 0.000160
13 7 0.000249
13 8 0.000380
13 9 0.000569
13 10 0.000836
13 11 0.001205
13 12 0.001705
13 13 0.002369
13 14 0.003232
13 15 0.004329
13 16 0.005696
13 17 0.007360
13 18 0.009344
13 19 0.011656
13 20 0.014290
13 21 0.017219
13 22 0.020399
13 23 0.023763
13 24 0.027223
13 25 0.030678
13 26 0.034011
13 27 0.037103
13 28 0.039832
13 29 0.042087
13 30 0.043772
13 31 0.044814
13 32 0.045167
13 33 0.044814
13 34 0.043772
13 35 0.042087
13 36 0.039832
13 37 0.037103
13 38 0.034011
13 39 0.030678
13 40 0.027223
13 41 0.023763
13 42 0.020399
13 43 0.017219
13 44 0.014290
13 45 0.011656
13 46 0.009344
13 47 0.007360
13 48 0.005696
13 49 0.004329
13 50 0.003232
13 51 0.002369
13 52 0.001705
13 53 0.001205
13 54 0.000836
13 55 0.000569
13 56 0.000380
13 57 0.000249
13 58 0.000160
13 59 0.000100
13 60 0.000060
13 61 0.000033
13 62 0.000015
13 63 0.000000

14 0 0.000000
14 1 0.000012
14 2 0.000028
14 3 0.000051
14 4 0.000086
14 5 0.000140
14 6 0.000221
14 7 0.000343
14 8 0.000523
14 9 0.000781
14 10 0.001146
14 11 0.001649
14 12 0.002330
14 13 0.003232
14 14 0.004402
14 15 0.005886
14 16 0.007731
14 17 0.009974
14 18 0.012640
14 19 0.015741
14 20 0.019266
14 21 0.023178
14 22 0.027415
14 23 0.031888
14 24 0.036480
14 25 0.041056
14 26 0.045465
14 27 0.049546
14 28 0.053144
14 29 0.056114
14 30 0.058332
14 31 0.059703
14 32 0.060166
14 33 0.059703
14 34 0.058332
14 35 0.056114
14 36 0.053144
14 37 0.049546
14 38 0.045465
14 39 0.041056
14 40 0.036480
14 41 0.031888
14 42 0.027415
14 43 0.023178
14 44 0.019266
14 45 0.015741
14 46 0.012640
14 47 0.009974
14 48 0.007731
14 49 0.005886
14 50 0.004402
14 51 0.003232
14 52 0.002330
14 53 0.001649
14 54 0.001146
14 55 0.000781
14 56 0.000523
14 57 0.000343
14 58 0.000221
14 59 0.000139
14 60 0.000083
14 61 0.000046
14 62 0.000021
14 63 0.000000

15 0 0.000000
15 1 0.000017
15 2 0.000038
15 3 0.000069
15 4 0.000117
15 5 0.000189
15 6 0.000299
15 7 0.000464
15 8 0.000706
15 9 0.001053
15 10 0.001542
15 11 0.002216
15 12 0.003126
15 13 0.004329
15 14 0.005886
15 15 0.007859
15 16 0.010304
15 17 0.013269
15 18 0.016788
15 19 0.020870
15 20 0.025499
15 21 0.030625
15 22 0.036164
15 23 0.041999
15 24 0.047977
15 25 0.053921
15 26 0.059637
15 27 0.064920
15 28 0.069571
15 29 0.073406
15 30 0.076266
15 31 0.078033
15 32 0.078631
15 33 0.078033
15 34 0.076266
15 35 0.073406
15 36 0.069571
15 37 0.064920
15 38 0.059637
15 39 0.053921
15 40 0.047977
15 41 0.041999
15 42 0.036164
15 43 0.030625
15 44 0.025499
15 45 0.020870
15 46 0.016788
15 47 0.013269
15 48 0.010304
15 49 0.007859
15 50 0.005886
15 51 0.004329
15 52 0.003126
15 53 0.002216
15 54 0.001542
15 55 0.001053
15 56 0.000706
15 57 0.000464
15 58 0.000299
15 59 0.000188
15 60 0.000113
15 61 0.000063
15 62 0.000028
15 63 0.000000

16 0 0.000000
16 1 0.000023
16 2 0.000051
16 3 0.000092
16 4 0.000156
16 5 0.000252
16 6 0.000398
16 7 0.000616
16 8 0.000935
16 9 0.001394
16 10 0.002038
16 11 0.002925
16 12 0.004120
16 13 0.005696
16 14 0.007731
16 15 0.010304
16 16 0.013485
16 17 0.017336
16 18 0.021894
16 19 0.027169
16 20 0.033136
16 21 0.039728
16 22 0.046835
16 23 0.054302
16 24 0.061935
16 25 0.069510
16 26 0.076778
16 27 0.083485
16 28 0.089380
16 29 0.094233
16 30 0.097850
16 31 0.100082
16 32 0.100837
16 33 0.100082
16 34 0.097850
16 35 0.094233
16 36 0.089380
16 37 0.083485
16 38 0.076778
16 39 0.069510
16 40 0.061935
16 41 0.054302
16 42 0.046835
16 43 0.039728
16 44 0.033136
16 45 0.027169
16 46 0.021894
16 47 0.017336
16 48 0.013485
16 49 0.010304
16 50 0.007731
16 51 0.005696
16 52 0.004120
16 53 0.002925
16 54 0.002038
16 55 0.001394
16 56 0.000935
16 57 0.000616
16 58 0.000397
16 59 0.000250
16 60 0.000150
16 61 0.000083
16 62 0.000038
16 63 0.000000

17 0 0.000000
17 1 0.000030
17 2 0.000066
17 3 0.000121
17 4 0.000204
17 5 0.000329
17 6 0.000519
17 7 0.000803
17 8 0.001218
17 9 0.001813
17 10 0.002646
17 11 0.003792
17 12 0.005332
17 13 0.007360
17 14 0.009974
17 15 0.013269
17 16 0.017336
17 17 0.022246
17 18 0.028044
17 19 0.034737
17 20 0.042289
17 21 0.050610
17 22 0.059558
17 23 0.068937
17 24 0.078502
17 25 0.087971
17 26 0.097038
17 27 0.105388
17 28 0.112714
17 29 0.118738
17 30 0.123222
17 31 0.125988
17 32 0.126923
17 33 0.125988
17 34 0.123222
17 35 0.118738
17 36 0.112714
17 37 0.105388
17 38 0.097038
17 39 0.087971
17 40 0.078502
17 41 0.068937
17 42 0.059558
17 43 0.050610
17 44 0.042289
17 45 0.034737
17 46 0.028044
17 47 0.022246
17 48 0.017336
17 49 0.013269
17 50 0.009974
17 51 0.007360
17 52 0.005332
17 53 0.003792
17 54 0.002646
17 55 0.001813
17 56 0.001218
17 57 0.000803
17 58 0.000519
17 59 0.000327
17 60 0.000196
17 61 0.000109
17 62 0.000050
17 63 0.000000

18 0 0.000000
18 1 0.000038
18 2 0.000085
18 3 0.000155
18 4 0.000262
18 5 0.000423
18 6 0.000666
18 7 0.001029
18 8 0.001558
18 9 0.002315
18 10 0.003376
18 11 0.004830
18 12 0.006781
18 13 0.009344
18 14 0.012640
18 15 0.016788
18 16 0.021894
18 17 0.028044
18 18 0.035287
18 19 0.043627
18 20 0.053013
18 21 0.063328
18 22 0.074390
18 23 0.085954
18 24 0.097717
18 25 0.109334
18 26 0.120432
18 27 0.130631
18 28 0.139563
18 29 0.146896
18 30 0.152349
18 31 0.155709
18 32 0.156844
18 33 0.155709
18 34 0.152349
18 35 0.146896
18 36 0.139563
18 37 0.130631
18 38 0.120432
18 39 0.109334
18 40 0.097717
18 41 0.085954
18 42 0.074390
18 43 0.063328
18 44 0.053013
18 45 0.043627
18 46 0.035287
18 47 0.028044
18 48 0.021894
18 49 0.016788
18 50 0.012640
18 51 0.009344
18 52 0.006781
18 53 0.004830
18 54 0.003376
18 55 0.002315
18 56 0.001558
18 57 0.001029
18 58 0.000666
18 59 0.000420
18 60 0.000252
18 61 0.000140
18 62 0.000064
18 63 0.000000

19 0 0.000000
19 1 0.000049
19 2 0.000108
19 3 0.000196
19 4 0.000331
19 5 0.000534
19 6 0.000840
19 7 0.001295
19 8 0.001958
19 9 0.002906
19 10 0.004231
19 11 0.006044
19 12 0.008472
19 13 0.011656
19 14 0.015741
19 15 0.020870
19 16 0.027169
19 17 0.034737
19 18 0.043627
19 19 0.053838
19 20 0.065296
19 21 0.077855
19 22 0.091285
19 23 0.105286
19 24 0.119490
19 25 0.133482
19 26 0.146815
19 27 0.159041
19 28 0.169728
19 29 0.178486
19 30 0.184991
19 31 0.188995
19 32 0.190347
19 33 0.188995
19 34 0.184991
19 35 0.178486
19 36 0.169728
19 37 0.159041
19 38 0.146815
19 39 0.133482
19 40 0.119490
19 41 0.105286
19 42 0.091285
19 43 0.077855
19 44 0.065296
19 45 0.053838
19 46 0.043627
19 47 0.034737
19 48 0.027169
19 49 0.020870
19 50 0.015741
19 51 0.011656
19 52 0.008472
19 53 0.006044
19 54 0.004231
19 55 0.002906
19 56 0.001958
19 57 0.001295
19 58 0.000839
19 59 0.000529
19 60 0.000318
19 61 0.000177
19 62 0.000081
19 63 0.000000

20 0 0.000000
20 1 0.000060
20 2 0.000134
20 3 0.000243
20 4 0.000410
20 5 0.000661
20 6 0.001039
20 7 0.001601
20 8 0.002418
20 9 0.003584
20 10 0.005211
20 11 0.007432
20 12 0.010403
20 13 0.014290
20 14 0.019266
20 15 0.025499
20 16 0.033136
20 17 0.042289
20 18 0.053013
20 19 0.065296
20 20 0.079043
20 21 0.094066
20 22 0.110086
20 23 0.126739
20 24 0.143586
20 25 0.160135
20 26 0.175865
20 27 0.190255
20 28 0.202806
20 29 0.213075
20 30 0.220690
20 31 0.225374
20 32 0.226955
20 33 0.225374
20 34 0.220690
20 35 0.213075
20 36 0.202806
20 37 0.190255
20 38 0.175865
20 39 0.160135
20 40 0.143586
20 41 0.126739
20 42 0.110086
20 43 0.094066
20 44 0.079043
20 45 0.065296
20 46 0.053013
20 47 0.042289
20 48 0.033136
20 49 0.025499
20 50 0.019266
20 51 0.014290
20 52 0.010403
20 53 0.007432
20 54 0.005211
20 55 0.003584
20 56 0.002418
20 57 0.001601
20 58 0.001038
20 59 0.000656
20 60 0.000395
20 61 0.000220
20 62 0.000100
20 63 0.000000

21 0 0.000000
21 1 0.000074
21 2 0.000163
21 3 0.000297
21 4 0.000500
21 5 0.000805
21 6 0.001264
21 7 0.001945
21 8 0.002935
21 9 0.004344
21 10 0.006307
21 11 0.008983
21 12 0.012555
21 13 0.017219
21 14 0.023178
21 15 0.030625
21 16 0.039728
21 17 0.050610
21 18 0.063328
21 19 0.077855
21 20 0.094066
21 21 0.111731
21 22 0.130514
21 23 0.149980
21 24 0.169615
21 25 0.188848
21 26 0.207081
21 27 0.223717
21 28 0.238196
21 29 0.250019
21 30 0.258774
21 31 0.264154
21 32 0.265969
21 33 0.264154
21 34 0.258774
21 35 0.250019
21 36 0.238196
21 37 0.223717
21 38 0.207081
21 39 0.188848
21 40 0.169615
21 41 0.149980
21 42 0.130514
21 43 0.111731
21 44 0.094066
21 45 0.077855
21 46 0.063328
21 47 0.050610
21 48 0.039728
21 49 0.030625
21 50 0.023178
21 51 0.017219
21 52 0.012555
21 53 0.008983
21 54 0.006307
21 55 0.004344
21 56 0.002935
21 57 0.001945
21 58 0.001263
21 59 0.000798
21 60 0.000481
21 61 0.000268
21 62 0.000123
21 63 0.000000

22 0 0.000000
22 1 0.000088
22 2 0.000196
22 3 0.000355
22 4 0.000599
22 5 0.000964
22 6 0.001512
22 7 0.002323
22 8 0.003501
22 9 0.005175
22 10 0.007504
22 11 0.010674
22 12 0.014896
22 13 0.020399
22 14 0.027415
22 15 0.036164
22 16 0.046835
22 17 0.059558
22 18 0.074390
22 19 0.091285
22 20 0.110086
22 21 0.130514
22 22 0.152168
22 23 0.174543
22 24 0.197044
22 25 0.219020
22 26 0.239793
22 27 0.258698
22 28 0.275113
22 29 0.288491
22 30 0.298382
22 31 0.304453
22 32 0.306500
22 33 0.304453
22 34 0.298382
22 35 0.288491
22 36 0.275113
22 37 0.258698
22 38 0.239793
22 39 0.219020
22 40 0.197044
22 41 0.174543
22 42 0.152168
22 43 0.130514
22 44 0.110086
22 45 0.091285
22 46 0.074390
22 47 0.059558
22 48 0.046835
22 49 0.036164
22 50 0.027415
22 51 0.020399
22 52 0.014896
22 53 0.010674
22 54 0.007504
22 55 0.005175
22 56 0.003501
22 57 0.002323
22 58 0.001510
22 59 0.000955
22 60 0.000576
22 61 0.000321
22 62 0.000147
22 63 0.000000

23 0 0.000000
23 1 0.000104
23 2 0.000230
23 3 0.000418
23 4 0.000705
23 5 0.001133
23 6 0.001776
23 7 0.002726
23 8 0.004104
23 9 0.006060
23 10 0.008776
23 11 0.012468
23 12 0.017377
23 13 0.023763
23 14 0.031888
23 15 0.041999
23 16 0.054302
23 17 0.068937
23 18 0.085954
23 19 0.105286
23 20 0.126739
23 21 0.149980
23 22 0.174543
23 23 0.199846
23 24 0.225214
23 25 0.249915
23 26 0.273197
23 27 0.294328
23 28 0.312632
23 29 0.327518
23 30 0.338506
23 31 0.345242
23 32 0.347512
23 33 0.345242
23 34 0.338506
23 35 0.327518
23 36 0.312632
23 37 0.294328
23 38 0.273197
23 39 0.249915
23 40 0.225214
23 41 0.199846
23 42 0.174543
23 43 0.149980
23 44 0.126739
23 45 0.105286
23 46 0.085954
23 47 0.068937
23 48 0.054302
23 49 0.041999
23 50 0.031888
23 51 0.023763
23 52 0.017377
23 53 0.012468
23 54 0.008776
23 55 0.006060
23 56 0.004104
23 57 0.002726
23 58 0.001774
23 59 0.001123
23 60 0.000677
23 61 0.000377
23 62 0.000173
23 63 0.000000

24 0 0.000000
24 1 0.000121
24 2 0.000267
24 3 0.000484
24 4 0.000815
24 5 0.001310
24 6 0.002051
24 7 0.003145
24 8 0.004730
24 9 0.006977
24 10 0.010093
24 11 0.014321
24 12 0.019934
24 13 0.027223
24 14 0.036480
24 15 0.047977
24 16 0.061935
24 17 0.078502
24 18 0.097717
24 19 0.119490
24 20 0.143586
24 21 0.169615
24 22 0.197044
24 23 0.225214
24 24 0.253370
24 25 0.280703
24 26 0.306391
24 27 0.329642
24 28 0.349732
24 29 0.366036
24 30 0.378051
24 31 0.385409
24 32 0.387886
24 33 0.385409
24 34 0.378051
24 35 0.366036
24 36 0.349732
24 37 0.329642
24 38 0.306391
24 39 0.280703
24 40 0.253370
24 41 0.225214
24 42 0.197044
24 43 0.169615
24 44 0.143586
24 45 0.119490
24 46 0.097717
24 47 0.078502
24 48 0.061935
24 49 0.047977
24 50 0.036480
24 51 0.027223
24 52 0.019934
24 53 0.014321
24 54 0.010093
24 55 0.006977
24 56 0.004730
24 57 0.003145
24 58 0.002048
24 59 0.001298
24 60 0.000783
24 61 0.000436
24 62 0.000200
24 63 0.000000

25 0 0.000000
25 1 0.000138
25 2 0.000303
25 3 0.000551
25 4 0.000927
25 5 0.001488
25 6 0.002328
25 7 0.003567
25 8 0.005360
25 9 0.007898
25 10 0.011413
25 11 0.016177
25 12 0.022491
25 13 0.030678
25 14 0.041056
25 15 0.053921
25 16 0.069510
25 17 0.087971
25 18 0.109334
25 19 0.133482
25 20 0.160135
25 21 0.188848
25 22 0.219020
25 23 0.249915
25 24 0.280703
25 25 0.310503
25 26 0.338428
25 27 0.363636
25 28 0.385363
25 29 0.402958
25 30 0.415902
25 31 0.423819
25 32 0.426483
25 33 0.423819
25 34 0.415902
25 35 0.402958
25 36 0.385363
25 37 0.363636
25 38 0.338428
25 39 0.310503
25 40 0.280703
25 41 0.249915
25 42 0.219020
25 43 0.188848
25 44 0.160135
25 45 0.133482
25 46 0.109334
25 47 0.087971
25 48 0.069510
25 49 0.053921
25 50 0.041056
25 51 0.030678
25 52 0.022491
25 53 0.016177
25 54 0.011413
25 55 0.007898
25 56 0.005360
25 57 0.003567
25 58 0.002325
25 59 0.001474
25 60 0.000889
25 61 0.000496
25 62 0.000228
25 63 0.000000

26 0 0.000000
26 1 0.000154
26 2 0.000339
26 3 0.000615
26 4 0.001035
26 5 0.001662
26 6 0.002598
26 7 0.003978
26 8 0.005972
26 9 0.008792
26 10 0.012693
26 11 0.017973
26 12 0.024963
26 13 0.034011
26 14 0.045465
26 15 0.059637
26 16 0.076778
26 17 0.097038
26 18 0.120432
26 19 0.146815
26 20 0.175865
26 21 0.207081
26 22 0.239793
26 23 0.273197
26 24 0.306391
26 25 0.338428
26 26 0.368367
26 27 0.395321
26 28 0.418498
26 29 0.437227
26 30 0.450983
26 31 0.459387
26 32 0.462214
26 33 0.459387
26 34 0.450983
26 35 0.437227
26 36 0.418498
26 37 0.395321
26 38 0.368367
26 39 0.338428
26 40 0.306391
26 41 0.273197
26 42 0.239793
26 43 0.207081
26 44 0.175865
26 45 0.146815
26 46 0.120432
26 47 0.097038
26 48 0.076778
26 49 0.059637
26 50 0.045465
26 51 0.034011
26 52 0.024963
26 53 0.017973
26 54 0.012693
26 55 0.008792
26 56 0.005972
26 57 0.003977
26 58 0.002594
26 59 0.001646
26 60 0.000993
26 61 0.000554
26 62 0.000255
26 63 0.000000

27 0 0.000000
27 1 0.000169
27 2 0.000373
27 3 0.000676
27 4 0.001137
27 5 0.001824
27 6 0.002850
27 7 0.004361
27 8 0.006543
27 9 0.009625
27 10 0.013885
27 11 0.019644
27 12 0.027258
27 13 0.037103
27 14 0.049546
27 15 0.064920
27 16 0.083485
27 17 0.105388
27 18 0.130631
27 19 0.159041
27 20 0.190255
27 21 0.223717
27 22 0.258698
27 23 0.294328
27 24 0.329642
27 25 0.363636
27 26 0.395321
27 27 0.423777
27 28 0.448190
27 29 0.467880
27 30 0.482318
27 31 0.491130
27 32 0.494091
27 33 0.491130
27 34 0.482318
27 35 0.467880
27 36 0.448190
27 37 0.423777
27 38 0.395321
27 39 0.363636
27 40 0.329642
27 41 0.294328
27 42 0.258698
27 43 0.223717
27 44 0.190255
27 45 0.159041
27 46 0.130631
27 47 0.105388
27 48 0.083485
27 49 0.064920
27 50 0.049546
27 51 0.037103
27 52 0.027258
27 53 0.019644
27 54 0.013885
27 55 0.009625
27 56 0.006543
27 57 0.004361
27 58 0.002846
27 59 0.001807
27 60 0.001091
27 61 0.000609
27 62 0.000280
27 63 0.000000

28 0 0.000000
28 1 0.000183
28 2 0.000403
28 3 0.000730
28 4 0.001228
28 5 0.001969
28 6 0.003074
28 7 0.004702
28 8 0.007049
28 9 0.010364
28 10 0.014940
28 11 0.021122
28 12 0.029287
28 13 0.039832
28 14 0.053144
28 15 0.069571
28 16 0.089380
28 17 0.112714
28 18 0.139563
28 19 0.169728
28 20 0.202806
28 21 0.238196
28 22 0.275113
28 23 0.312632
28 24 0.349732
28 25 0.385363
28 26 0.418498
28 27 0.448190
28 28 0.473611
28 29 0.494078
28 30 0.509066
28 31 0.518203
28 32 0.521273
28 33 0.518203
28 34 0.509066
28 35 0.494078
28 36 0.473611
28 37 0.448190
28 38 0.418498
28 39 0.385363
28 40 0.349732
28 41 0.312632
28 42 0.275113
28 43 0.238196
28 44 0.202806
28 45 0.169728
28 46 0.139563
28 47 0.112714
28 48 0.089380
28 49 0.069571
28 50 0.053144
28 51 0.039832
28 52 0.029287
28 53 0.021122
28 54 0.014940
28 55 0.010364
28 56 0.007049
28 57 0.004701
28 58 0.003070
28 59 0.001950
28 60 0.001177
28 61 0.000657
28 62 0.000303
28 63 0.000000

29 0 0.000000
29 1 0.000194
29 2 0.000427
29 3 0.000775
29 4 0.001303
29 5 0.002089
29 6 0.003261
29 7 0.004984
29 8 0.007470
29 9 0.010976
29 10 0.015815
29 11 0.022346
29 12 0.030965
29 13 0.042087
29 14 0.056114
29 15 0.073406
29 16 0.094233
29 17 0.118738
29 18 0.146896
29 19 0.178486
29 20 0.213075
29 21 0.250019
29 22 0.288491
29 23 0.327518
29 24 0.366036
29 25 0.402958
29 26 0.437227
29 27 0.467880
29 28 0.494078
29 29 0.515141
29 30 0.530545
29 31 0.539928
29 32 0.543080
29 33 0.539928
29 34 0.530545
29 35 0.515141
29 36 0.494078
29 37 0.467880
29 38 0.437227
29 39 0.402958
29 40 0.366036
29 41 0.327518
29 42 0.288491
29 43 0.250019
29 44 0.213075
29 45 0.178486
29 46 0.146896
29 47 0.118738
29 48 0.094233
29 49 0.073406
29 50 0.056114
29 51 0.042087
29 52 0.030965
29 53 0.022346
29 54 0.015815
29 55 0.010976
29 56 0.007470
29 57 0.004984
29 58 0.003256
29 59 0.002069
29 60 0.001249
29 61 0.000697
29 62 0.000321
29 63 0.000000

30 0 0.000000
30 1 0.000203
30 2 0.000446
30 3 0.000809
30 4 0.001360
30 5 0.002179
30 6 0.003401
30 7 0.005197
30 8 0.007785
30 9 0.011435
30 10 0.016470
30 11 0.023262
30 12 0.032220
30 13 0.043772
30 14 0.058332
30 15 0.076266
30 16 0.097850
30 17 0.123222
30 18 0.152349
30 19 0.184991
30 20 0.220690
30 21 0.258774
30 22 0.298382
30 23 0.338506
30 24 0.378051
30 25 0.415902
30 26 0.450983
30 27 0.482318
30 28 0.509066
30 29 0.530545
30 30 0.546240
30 31 0.555794
30 32 0.559001
30 33 0.555794
30 34 0.546240
30 35 0.530545
30 36 0.509066
30 37 0.482318
30 38 0.450983
30 39 0.415902
30 40 0.378051
30 41 0.338506
30 42 0.298382
30 43 0.258774
30 44 0.220690
30 45 0.184991
30 46 0.152349
30 47 0.123222
30 48 0.097850
30 49 0.076266
30 50 0.058332
30 51 0.043772
30 52 0.032220
30 53 0.023262
30 54 0.016470
30 55 0.011435
30 56 0.007785
30 57 0.005196
30 58 0.003396
30 59 0.002158
30 60 0.001303
30 61 0.000728
30 62 0.000335
30 63 0.000000

31 0 0.000000
31 1 0.000208
31 2 0.000458
31 3 0.000830
31 4 0.001395
31 5 0.002235
31 6 0.003487
31 7 0.005328
31 8 0.007980
31 9 0.011720
31 10 0.016876
31 11 0.023829
31 12 0.032997
31 13 0.044814
31 14 0.059703
31 15 0.078033
31 16 0.100082
31 17 0.125988
31 18 0.155709
31 19 0.188995
31 20 0.225374
31 21 0.264154
31 22 0.304453
31 23 0.345242
31 24 0.385409
31 25 0.423819
31 26 0.459387
31 27 0.491130
31 28 0.518203
31 29 0.539928
31 30 0.555794
31 31 0.565449
31 32 0.568689
31 33 0.565449
31 34 0.555794
31 35 0.539928
31 36 0.518203
31 37 0.491130
31 38 0.459387
31 39 0.423819
31 40 0.385409
31 41 0.345242
31 42 0.304453
31 43 0.264154
31 44 0.225374
31 45 0.188995
31 46 0.155709
31 47 0.125988
31 48 0.100082
31 49 0.078033
31 50 0.059703
31 51 0.044814
31 52 0.032997
31 53 0.023829
31 54 0.016876
31 55 0.011720
31 56 0.007980
31 57 0.005327
31 58 0.003482
31 59 0.002213
31 60 0.001337
31 61 0.000747
31 62 0.000344
31 63 0.000000

32 0 0.000000
32 1 0.000210
32 2 0.000462
32 3 0.000837
32 4 0.001407
32 5 0.002254
32 6 0.003517
32 7 0.005373
32 8 0.008047
32 9 0.011816
32 10 0.017013
32 11 0.024021
32 12 0.033259
32 13 0.045167
32 14 0.060166
32 15 0.078631
32 16 0.100837
32 17 0.126923
32 18 0.156844
32 19 0.190347
32 20 0.226955
32 21 0.265969
32 22 0.306500
32 23 0.347512
32 24 0.387886
32 25 0.426483
32 26 0.462214
32 27 0.494091
32 28 0.521273
32 29 0.543080
32 30 0.559001
32 31 0.568689
32 32 0.571940
32 33 0.568689
32 34 0.559001
32 35 0.543080
32 36 0.521273
32 37 0.494091
32 38 0.462214
32 39 0.426483
32 40 0.387886
32 41 0.347512
32 42 0.306500
32 43 0.265969
32 44 0.226955
32 45 0.190347
32 46 0.156844
32 47 0.126923
32 48 0.100837
32 49 0.078631
32 50 0.060166
32 51 0.045167
32 52 0.033259
32 53 0.024021
32 54 0.017013
32 55 0.011816
32 56 0.008047
32 57 0.005372
32 58 0.003512
32 59 0.002232
32 60 0.001348
32 61 0.000753
32 62 0.000347
32 63 0.000000

33 0 0.000000
33 1 0.000208
33 2 0.000458
33 3 0.000830
33 4 0.001395
33 5 0.002235
33 6 0.003487
33 7 0.005328
33 8 0.007980
33 9 0.011720
33 10 0.016876
33 11 0.023829
33 12 0.032997
33 13 0.044814
33 14 0.059703
33 15 0.078033
33 16 0.100082
33 17 0.125988
33 18 0.155709
33 19 0.188995
33 20 0.225374
33 21 0.264154
33 22 0.304453
33 23 0.345242
33 24 0.385409
33 25 0.423819
33 26 0.459387
33 27 0.491130
33 28 0.518203
33 29 0.539928
33 30 0.555794
33 31 0.565449
33 32 0.568689
33 33 0.565449
33 34 0.555794
33 35 0.539928
33 36 0.518203
33 37 0.491130
33 38 0.459387
33 39 0.423819
33 40 0.385409
33 41 0.345242
33 42 0.304453
33 43 0.264154
33 44 0.225374
33 45 0.188995
33 46 0.155709
33 47 0.125988
33 48 0.100082
33 49 0.078033
33 50 0.059703
33 51 0.044814
33 52 0.032997
33 53 0.023829
33 54 0.016876
33 55 0.011720
33 56 0.007980
33 57 0.005327
33 58 0.003482
33 59 0.002213
33 60 0.001337
33 61 0.000747
33 62 0.000344
33 63 0.000000

34 0 0.000000
34 1 0.000203
34 2 0.000446
34 3 0.000809
34 4 0.001360
34 5 0.002179
34 6 0.003401
34 7 0.005197
34 8 0.007785
34 9 0.011435
34 10 0.016470
34 11 0.023262
34 12 0.032220
34 13 0.043772
34 14 0.058332
34 15 0.076266
34 16 0.097850
34 17 0.123222
34 18 0.152349
34 19 0.184991
34 20 0.220690
34 21 0.258774
34 22 0.298382
34 23 0.338506
34 24 0.378051
34 25 0.415902
34 26 0.450983
34 27 0.482318
34 28 0.509066
34 29 0.530545
34 30 0.546240
34 31 0.555794
34 32 0.559001
34 33 0.555794
34 34 0.546240
34 35 0.530545
34 36 0.509066
34 37 0.482318
34 38 0.450983
34 39 0.415902
34 40 0.378051
34 41 0.338506
34 42 0.298382
34 43 0.258774
34 44 0.220690
34 45 0.184991
34 46 0.152349
34 47 0.123222
34 48 0.097850
34 49 0.076266
34 50 0.058332
34 51 0.043772
34 52 0.032220
34 53 0.023262
34 54 0.016470
34 55 0.011435
34 56 0.007785
34 57 0.005196
34 58 0.003396
34 59 0.002158
34 60 0.001303
34 61 0.000728
34 62 0.000335
34 63 0.000000

35 0 0.000000
35 1 0.000194
35 2 0.000427
35 3 0.000775
35 4 0.001303
35 5 0.002089
35 6 0.003261
35 7 0.004984
35 8 0.007470
35 9 0.010976
35 10 0.015815
35 11 0.022346
35 12 0.030965
35 13 0.042087
35 14 0.056114
35 15 0.073406
35 16 0.094233
35 17 0.118738
35 18 0.146896
35 19 0.178486
35 20 0.213075
35 21 0.250019
35 22 0.288491
35 23 0.327518
35 24 0.366036
35 25 0.402958
35 26 0.437227
35 27 0.467880
35 28 0.494078
35 29 0.515141
35 30 0.530545
35 31 0.539928
35 32 0.543080
35 33 0.539928
35 34 0.530545
35 35 0.515141
35 36 0.494078
35 37 0.467880
35 38 0.437227
35 39 0.402958
35 40 0.366036
35 41 0.327518
35 42 0.288491
35 43 0.250019
35 44 0.213075
35 45 0.178486
35 46 0.146896
35 47 0.118738
35 48 0.094233
35 49 0.073406
35 50 0.056114
35 51 0.042087
35 52 0.030965
35 53 0.022346
35 54 0.015815
35 55 0.010976
35 56 0.007470
35 57 0.004984
35 58 0.003256
35 59 0.002069
35 60 0.001249
35 61 0.000697
35 62 0.000321
35 63 0.000000

36 0 0.000000
36 1 0.000183
36 2 0.000403
36 3 0.000730
36 4 0.001228
36 5 0.001969
36 6 0.003074
36 7 0.004702
36 8 0.007049
36 9 0.010364
36 10 0.014940
36 11 0.021122
36 12 0.029287
36 13 0.039832
36 14 0.053144
36 15 0.069571
36 16 0.089380
36 17 0.112714
36 18 0.139563
36 19 0.169728
36 20 0.202806
36 21 0.238196
36 22 0.275113
36 23 0.312632
36 24 0.349732
36 25 0.385363
36 26 0.418498
36 27 0.448190
36 28 0.473611
36 29 0.494078
36 30 0.509066
36 31 0.518203
36 32 0.521273
36 33 0.518203
36 34 0.509066
36 35 0.494078
36 36 0.473611
36 37 0.448190
36 38 0.418498
36 39 0.385363
36 40 0.349732
36 41 0.312632
36 42 0.275113
36 43 0.238196
36 44 0.202806
36 45 0.169728
36 46 0.139563
36 47 0.112714
36 48 0.089380
36 49 0.069571
36 50 0.053144
36 51 0.039832
36 52 0.029287
36 53 0.021122
36 54 0.014940
36 55 0.010364
36 56 0.007049
36 57 0.004701
36 58 0.003070
36 59 0.001950
36 60 0.001177
36 61 0.000657
36 62 0.000303
36 63 0.000000

37 0 0.000000
37 1 0.000169
37 2 0.000373
37 3 0.000676
37 4 0.001137
37 5 0.001824
37 6 0.002850
37 7 0.004361
37 8 0.006543
37 9 0.009625
37 10 0.013885
37 11 0.019644
37 12 0.027258
37 13 0.037103
37 14 0.049546
37 15 0.064920
37 16 0.083485
37 17 0.105388
37 18 0.130631
37 19 0.159041
37 20 0.190255
37 21 0.223717
37 22 0.258698
37 23 0.294328
37 24 0.329642
37 25 0.363636
37 26 0.395321
37 27 0.423777
37 28 0.448190
37 29 0.467880
37 30 0.482318
37 31 0.491130
37 32 0.494091
37 33 0.491130
37 34 0.482318
37 35 0.467880
37 36 0.448190
37 37 0.423777
37 38 0.395321
37 39 0.363636
37 40 0.329642
37 41 0.294328
37 42 0.258698
37 43 0.223717
37 44 0.190255
37 45 0.159041
37 46 0.130631
37 47 0.105388
37 48 0.083485
37 49 0.064920
37 50 0.049546
37 51 0.037103
37 52 0.027258
37 53 0.019644
37 54 0.013885
37 55 0.009625
37 56 0.006543
37 57 0.004361
37 58 0.002846
37 59 0.001807
37 60 0.001091
37 61 0.000609
37 62 0.000280
37 63 0.000000

38 0 0.000000
38 1 0.000154
38 2 0.000339
38 3 0.000615
38 4 0.001035
38 5 0.001662
38 6 0.002598
38 7 0.003978
38 8 0.005972
38 9 0.008792
38 10 0.012693
38 11 0.017973
38 12 0.024963
38 13 0.034011
38 14 0.045465
38 15 0.059637
38 16 0.076778
38 17 0.097038
38 18 0.120432
38 19 0.146815
38 20 0.175865
38 21 0.207081
38 22 0.239793
38 23 0.273197
38 24 0.306391
38 25 0.338428
38 26 0.368367
38 27 0.395321
38 28 0.418498
38 29 0.437227
38 30 0.450983
38 31 0.459387
38 32 0.462214
38 33 0.459387
38 34 0.450983
38 35 0.437227
38 36 0.418498
38 37 0.395321
38 38 0.368367
38 39 0.338428
38 40 0.306391
38 41 0.273197
38 42 0.239793
38 43 0.207081
38 44 0.175865
38 45 0.146815
38 46 0.120432
38 47 0.097038
38 48 0.076778
38 49 0.059637
38 50 0.045465
38 51 0.034011
38 52 0.024963
38 53 0.017973
38 54 0.012693
38 55 0.008792
38 56 0.005972
38 57 0.003977
38 58 0.002594
38 59 0.001646
38 60 0.000993
38 61 0.000554
38 62 0.000255
38 63 0.000000

39 0 0.000000
39 1 0.000138
39 2 0.000303
39 3 0.000551
39 4 0.000927
39 5 0.001488
39 6 0.002328
39 7 0.003567
39 8 0.005360
39 9 0.007898
39 10 0.011413
39 11 0.016177
39 12 0.022491
39 13 0.030678
39 14 0.041056
39 15 0.053921
39 16 0.069510
39 17 0.087971
39 18 0.109334
39 19 0.133482
39 20 0.160135
39 21 0.188848
39 22 0.219020
39 23 0.249915
39 24 0.280703
39 25 0.310503
39 26 0.338428
39 27 0.363636
39 28 0.385363
39 29 0.402958
39 30 0.415902
39 31 0.423819
39 32 0.426483
39 33 0.423819
39 34 0.415902
39 35 0.402958
39 36 0.385363
39 37 0.363636
39 38 0.338428
39 39 0.310503
39 40 0.280703
39 41 0.249915
39 42 0.219020
39 43 0.188848
39 44 0.160135
39 45 0.133482
39 46 0.109334
39 47 0.087971
39 48 0.069510
39 49 0.053921
39 50 0.041056
39 51 0.030678
39 52 0.022491
39 53 0.016177
39 54 0.011413
39 55 0.007898
39 56 0.005360
39 57 0.003567
39 58 0.002325
39 59 0.001474
39 60 0.000889
39 61 0.000496
39 62 0.000228
39 63 0.000000

40 0 0.000000
40 1 0.000121
40 2 0.000267
40 3 0.000484
40 4 0.000815
40 5 0.001310
40 6 0.002051
40 7 0.003145
40 8 0.004730
40 9 0.006977
40 10 0.010093
40 11 0.014321
40 12 0.019934
40 13 0.027223
40 14 0.036480
40 15 0.047977
40 16 0.061935
40 17 0.078502
40 18 0.097717
40 19 0.119490
40 20 0.143586
40 21 0.169615
40 22 0.197044
40 23 0.225214
40 24 0.253370
40 25 0.280703
40 26 0.306391
40 27 0.329642
40 28 0.349732
40 29 0.366036
40 30 0.378051
40 31 0.385409
40 32 0.387886
40 33 0.385409
40 34 0.378051
40 35 0.366036
40 36 0.349732
40 37 0.329642
40 38 0.306391
40 39 0.280703
40 40 0.253370
40 41 0.225214
40 42 0.197044
40 43 0.169615
40 44 0.143586
40 45 0.119490
40 46 0.097717
40 47 0.078502
40 48 0.061935
40 49 0.047977
40 50 0.036480
40 51 0.027223
40 52 0.019934
40 53 0.014321
40 54 0.010093
40 55 0.006977
40 56 0.004730
40 57 0.003145
40 58 0.002048
40 59 0.001298
40 60 0.000783
40 61 0.000436
40 62 0.000200
40 63 0.000000

41 0 0.000000
41 1 0.000104
41 2 0.000230
41 3 0.000418
41 4 0.000705
41 5 0.001133
41 6 0.001776
41 7 0.002726
41 8 0.004104
41 9 0.006060
41 10 0.008776
41 11 0.012468
41 12 0.017377
41 13 0.023763
41 14 0.031888
41 15 0.041999
41 16 0.054302
41 17 0.068937
41 18 0.085954
41 19 0.105286
41 20 0.126739
41 21 0.149980
41 22 0.174543
41 23 0.199846
41 24 0.225214
41 25 0.249915
41 26 0.273197
41 27 0.294328
41 28 0.312632
41 29 0.327518
41 30 0.338506
41 31 0.345242
41 32 0.347512
41 33 0.345242
41 34 0.338506
41 35 0.327518
41 36 0.312632
41 37 0.294328
41 38 0.273197
41 39 0.249915
41 40 0.225214
41 41 0.199846
41 42 0.174543
41 43 0.149980
41 44 0.126739
41 45 0.105286
41 46 0.085954
41 47 0.068937
41 48 0.054302
41 49 0.041999
41 50 0.031888
41 51 0.023763
41 52 0.017377
41 53 0.012468
41 54 0.008776
41 55 0.006060
41 56 0.004104
41 57 0.002726
41 58 0.001774
41 59 0.001123
41 60 0.000677
41 61 0.000377
41 62 0.000173
41 63 0.000000

42 0 0.000000
42 1 0.000088
42 2 0.000196
42 3 0.000355
42 4 0.000599
42 5 0.000964
42 6 0.001512
42 7 0.002323
42 8 0.003501
42 9 0.005175
42 10 0.007504
42 11 0.010674
42 12 0.014896
42 13 0.020399
42 14 0.027415
42 15 0.036164
42 16 0.046835
42 17 0.059558
42 18 0.074390
42 19 0.091285
42 20 0.110086
42 21 0.130514
42 22 0.152168
42 23 0.174543
42 24 0.197044
42 25 0.219020
42 26 0.239793
42 27 0.258698
42 28 0.275113
42 29 0.288491
42 30 0.298382
42 31 0.304453
42 32 0.306500
42 33 0.304453
42 34 0.298382
42 35 0.288491
42 36 0.275113
42 37 0.258698
42 38 0.239793
42 39 0.219020
42 40 0.197044
42 41 0.174543
42 42 0.152168
42 43 0.130514
42 44 0.110086
42 45 0.091285
42 46 0.074390
