0 0 0.000000
0 1 0.000000
0 2 0.000000
0 3 0.000000
0 4 0.000000
0 5 0.000000
0 6 0.000000
0 7 0.000000
0 8 0.000000
0 9 0.000000
0 10 0.000000
0 11 0.000000
0 12 0.000000
0 13 0.000000
0 14 0.000000
0 15 0.000000
0 16 0.000000
0 17 0.000000
0 18 0.000000
0 19 0.000000
0 20 0.000000
0 21 0.000000
0 22 0.000000
0 23 0.000000
0 24 0.000000
0 25 0.000000
0 26 0.000000
0 27 0.000000
0 28 0.000000
0 29 0.000000
0 30 0.000000
0 31 0.000000
0 32 0.000000
0 33 0.000000
0 34 0.000000
0 35 0.000000
0 36 0.000000
0 37 0.000000
0 38 0.000000
0 39 0.000000
0 40 0.000000
0 41 0.000000
0 42 0.000000
0 43 0.000000
0 44 0.000000
0 45 0.000000
0 46 0.000000
0 47 0.000000
0 48 0.000000
0 49 0.000000
0 50 0.000000
0 51 0.000000
0 52 0.000000
0 53 0.000000
0 54 0.000000
0 55 0.000000
0 56 0.000000
0 57 0.000000
0 58 0.000000
0 59 0.000000
0 60 0.000000
0 61 0.000000
0 62 0.000000
0 63 0.000000

1 0 0.000000
1 1 0.000000
1 2 0.000001
1 3 0.000001
1 4 0.000002
1 5 0.000003
1 6 0.000004
1 7 0.000006
1 8 0.000009
1 9 0.000013
1 10 0.000018
1 11 0.000026
1 12 0.000036
1 13 0.000049
1 14 0.000066
1 15 0.000086
1 16 0.000112
1 17 0.000142
1 18 0.000178
1 19 0.000220
1 20 0.000266
1 21 0.000318
1 22 0.000373
1 23 0.000431
1 24 0.000491
1 25 0.000550
1 26 0.000607
1 27 0.000659
1 28 0.000705
1 29 0.000743
1 30 0.000772
1 31 0.000789
1 32 0.000795
1 33 0.000789
1 34 0.000772
1 35 0.000743
1 36 0.000705
1 37 0.000659
1 38 0.000607
1 39 0.000550
1 40 0.000491
1 41 0.000431
1 42 0.000373
1 43 0.000318
1 44 0.000266
1 45 0.000220
1 46 0.000178
1 47 0.000142
1 48 0.000112
1 49 0.000086
1 50 0.000066
1 51 0.000049
1 52 0.000036
1 53 0.000026
1 54 0.000018
1 55 0.000013
1 56 0.000009
1 57 0.000006
1 58 0.000004
1 59 0.000003
1 60 0.000002
1 61 0.000001
1 62 0.000000
1 63 0.000000

2 0 0.000000
2 1 0.000001
2 2 0.000001
2 3 0.000002
2 4 0.000004
2 5 0.000006
2 6 0.000009
2 7 0.000013
2 8 0.000019
2 9 0.000028
2 10 0.000041
2 11 0.000057
2 12 0.000079
2 13 0.000108
2 14 0.000144
2 15 0.000190
2 16 0.000245
2 17 0.000312
2 18 0.000390
2 19 0.000480
2 20 0.000582
2 21 0.000693
2 22 0.000814
2 23 0.000940
2 24 0.001068
2 25 0.001196
2 26 0.001319
2 27 0.001432
2 28 0.001532
2 29 0.001614
2 30 0.001675
2 31 0.001713
2 32 0.001726
2 33 0.001713
2 34 0.001675
2 35 0.001614
2 36 0.001532
2 37 0.001432
2 38 0.001319
2 39 0.001196
2 40 0.001068
2 41 0.000940
2 42 0.000814
2 43 0.000693
2 44 0.000582
2 45 0.000480
2 46 0.000390
2 47 0.000312
2 48 0.000245
2 49 0.000190
2 50 0.000144
2 51 0.000108
2 52 0.000079
2 53 0.000057
2 54 0.000041
2 55 0.000028
2 56 0.000019
2 57 0.000013
2 58 0.000009
2 59 0.000006
2 60 0.000003
2 61 0.000002
2 62 0.000001
2 63 0.000000

3 0 0.000000
3 1 0.000001
3 2 0.000002
3 3 0.000004
3 4 0.000006
3 5 0.000010
3 6 0.000015
3 7 0.000023
3 8 0.000034
3 9 0.000050
3 10 0.000071
3 11 0.000100
3 12 0.000138
3 13 0.000188
3 14 0.000251
3 15 0.000329
3 16 0.000425
3 17 0.000540
3 18 0.000675
3 19 0.000829
3 20 0.001003
3 21 0.001194
3 22 0.001399
3 23 0.001614
3 24 0.001834
3 25 0.002051
3 26 0.002259
3 27 0.002452
3 28 0.002621
3 29 0.002760
3 30 0.002864
3 31 0.002928
3 32 0.002950
3 33 0.002928
3 34 0.002864
3 35 0.002760
3 36 0.002621
3 37 0.002452
3 38 0.002259
3 39 0.002051
3 40 0.001834
3 41 0.001614
3 42 0.001399
3 43 0.001194
3 44 0.001003
3 45 0.000829
3 46 0.000675
3 47 0.000540
3 48 0.000425
3 49 0.000329
3 50 0.000251
3 51 0.000188
3 52 0.000138
3 53 0.000100
3 54 0.000071
3 55 0.000050
3 56 0.000034
3 57 0.000023
3 58 0.000015
3 59 0.000010
3 60 0.000006
3 61 0.000003
3 62 0.000002
3 63 0.000000

4 0 0.000000
4 1 0.000002
4 2 0.000004
4 3 0.000006
4 4 0.000010
4 5 0.000016
4 6 0.000025
4 7 0.000037
4 8 0.000055
4 9 0.000081
4 10 0.000115
4 11 0.000161
4 12 0.000223
4 13 0.000302
4 14 0.000402
4 15 0.000527
4 16 0.000679
4 17 0.000861
4 18 0.001073
4 19 0.001317
4 20 0.001590
4 21 0.001889
4 22 0.002210
4 23 0.002546
4 24 0.002887
4 25 0.003225
4 26 0.003549
4 27 0.003847
4 28 0.004109
4 29 0.004325
4 30 0.004485
4 31 0.004584
4 32 0.004618
4 33 0.004584
4 34 0.004485
4 35 0.004325
4 36 0.004109
4 37 0.003847
4 38 0.003549
4 39 0.003225
4 40 0.002887
4 41 0.002546
4 42 0.002210
4 43 0.001889
4 44 0.001590
4 45 0.001317
4 46 0.001073
4 47 0.000861
4 48 0.000679
4 49 0.000527
4 50 0.000402
4 51 0.000302
4 52 0.000223
4 53 0.000161
4 54 0.000115
4 55 0.000081
4 56 0.000055
4 57 0.000037
4 58 0.000025
4 59 0.000016
4 60 0.000010
4 61 0.000006
4 62 0.000003
4 63 0.000000

5 0 0.000000
5 1 0.000003
5 2 0.000006
5 3 0.000010
5 4 0.000016
5 5 0.000025
5 6 0.000039
5 7 0.000059
5 8 0.000087
5 9 0.000126
5 10 0.000179
5 11 0.000251
5 12 0.000345
5 13 0.000467
5 14 0.000620
5 15 0.000811
5 16 0.001043
5 17 0.001319
5 18 0.001641
5 19 0.002009
5 20 0.002421
5 21 0.002871
5 22 0.003352
5 23 0.003854
5 24 0.004364
5 25 0.004868
5 26 0.005349
5 27 0.005791
5 28 0.006179
5 29 0.006498
5 30 0.006735
5 31 0.006882
5 32 0.006931
5 33 0.006882
5 34 0.006735
5 35 0.006498
5 36 0.006179
5 37 0.005791
5 38 0.005349
5 39 0.004868
5 40 0.004364
5 41 0.003854
5 42 0.003352
5 43 0.002871
5 44 0.002421
5 45 0.002009
5 46 0.001641
5 47 0.001319
5 48 0.001043
5 49 0.000811
5 50 0.000620
5 51 0.000467
5 52 0.000345
5 53 0.000251
5 54 0.000179
5 55 0.000126
5 56 0.000087
5 57 0.000059
5 58 0.000039
5 59 0.000025
5 60 0.000016
5 61 0.000009
5 62 0.000004
5 63 0.000000

6 0 0.000000
6 1 0.000004
6 2 0.000009
6 3 0.000015
6 4 0.000025
6 5 0.000039
6 6 0.000060
6 7 0.000090
6 8 0.000132
6 9 0.000191
6 10 0.000272
6 11 0.000380
6 12 0.000521
6 13 0.000704
6 14 0.000933
6 15 0.001218
6 16 0.001562
6 17 0.001971
6 18 0.002446
6 19 0.002988
6 20 0.003592
6 21 0.004251
6 22 0.004954
6 23 0.005684
6 24 0.006425
6 25 0.007154
6 26 0.007850
6 27 0.008488
6 28 0.009047
6 29 0.009506
6 30 0.009847
6 31 0.010057
6 32 0.010128
6 33 0.010057
6 34 0.009847
6 35 0.009506
6 36 0.009047
6 37 0.008488
6 38 0.007850
6 39 0.007154
6 40 0.006425
6 41 0.005684
6 42 0.004954
6 43 0.004251
6 44 0.003592
6 45 0.002988
6 46 0.002446
6 47 0.001971
6 48 0.001562
6 49 0.001218
6 50 0.000933
6 51 0.000704
6 52 0.000521
6 53 0.000380
6 54 0.000272
6 55 0.000191
6 56 0.000132
6 57 0.000090
6 58 0.000060
6 59 0.000039
6 60 0.000024
6 61 0.000014
6 62 0.000006
6 63 0.000000

7 0 0.000000
7 1 0.000006
7 2 0.000013
7 3 0.000023
7 4 0.000037
7 5 0.000059
7 6 0.000090
7 7 0.000134
7 8 0.000198
7 9 0.000285
7 10 0.000404
7 11 0.000563
7 12 0.000772
7 13 0.001039
7 14 0.001374
7 15 0.001788
7 16 0.002288
7 17 0.002880
7 18 0.003566
7 19 0.004345
7 20 0.005211
7 21 0.006152
7 22 0.007152
7 23 0.008190
7 24 0.009238
7 25 0.010268
7 26 0.011248
7 27 0.012146
7 28 0.012930
7 29 0.013573
7 30 0.014050
7 31 0.014344
7 32 0.014443
7 33 0.014344
7 34 0.014050
7 35 0.013573
7 36 0.012930
7 37 0.012146
7 38 0.011248
7 39 0.010268
7 40 0.009238
7 41 0.008190
7 42 0.007152
7 43 0.006152
7 44 0.005211
7 45 0.004345
7 46 0.003566
7 47 0.002880
7 48 0.002288
7 49 0.001788
7 50 0.001374
7 51 0.001039
7 52 0.000772
7 53 0.000563
7 54 0.000404
7 55 0.000285
7 56 0.000197
7 57 0.000134
7 58 0.000089
7 59 0.000058
7 60 0.000036
7 61 0.000021
7 62 0.000010
7 63 0.000000

8 0 0.000000
8 1 0.000009
8 2 0.000019
8 3 0.000034
8 4 0.000055
8 5 0.000087
8 6 0.000132
8 7 0.000198
8 8 0.000290
8 9 0.000417
8 10 0.000590
8 11 0.000820
8 12 0.001120
8 13 0.001504
8 14 0.001984
8 15 0.002575
8 16 0.003285
8 17 0.004124
8 18 0.005092
8 19 0.006188
8 20 0.007402
8 21 0.008716
8 22 0.010108
8 23 0.011547
8 24 0.012996
8 25 0.014416
8 26 0.015763
8 27 0.016993
8 28 0.018066
8 29 0.018944
8 30 0.019595
8 31 0.019995
8 32 0.020131
8 33 0.019995
8 34 0.019595
8 35 0.018944
8 36 0.018066
8 37 0.016993
8 38 0.015763
8 39 0.014416
8 40 0.012996
8 41 0.011547
8 42 0.010108
8 43 0.008716
8 44 0.007402
8 45 0.006188
8 46 0.005092
8 47 0.004124
8 48 0.003285
8 49 0.002575
8 50 0.001984
8 51 0.001504
8 52 0.001120
8 53 0.000820
8 54 0.000590
8 55 0.000417
8 56 0.000290
8 57 0.000197
8 58 0.000132
8 59 0.000086
8 60 0.000054
8 61 0.000031
8 62 0.000014
8 63 0.000000

9 0 0.000000
9 1 0.000013
9 2 0.000028
9 3 0.000050
9 4 0.000081
9 5 0.000126
9 6 0.000191
9 7 0.000285
9 8 0.000417
9 9 0.000599
9 10 0.000845
9 11 0.001172
9 12 0.001596
9 13 0.002136
9 14 0.002811
9 15 0.003637
9 16 0.004628
9 17 0.005792
9 18 0.007131
9 19 0.008641
9 20 0.010305
9 21 0.012102
9 22 0.013997
9 23 0.015948
9 24 0.017906
9 25 0.019817
9 26 0.021625
9 27 0.023272
9 28 0.024704
9 29 0.025873
9 30 0.026738
9 31 0.027270
9 32 0.027450
9 33 0.027270
9 34 0.026738
9 35 0.025873
9 36 0.024704
9 37 0.023272
9 38 0.021625
9 39 0.019817
9 40 0.017906
9 41 0.015948
9 42 0.013997
9 43 0.012102
9 44 0.010305
9 45 0.008641
9 46 0.007131
9 47 0.005792
9 48 0.004628
9 49 0.003637
9 50 0.002811
9 51 0.002136
9 52 0.001596
9 53 0.001172
9 54 0.000845
9 55 0.000599
9 56 0.000417
9 57 0.000285
9 58 0.000190
9 59 0.000124
9 60 0.000078
9 61 0.000045
9 62 0.000021
9 63 0.000000

10 0 0.000000
10 1 0.000018
10 2 0.000041
10 3 0.000071
10 4 0.000115
10 5 0.000179
10 6 0.000272
10 7 0.000404
10 8 0.000590
10 9 0.000845
10 10 0.001189
10 11 0.001644
10 12 0.002233
10 13 0.002980
10 14 0.003911
10 15 0.005044
10 16 0.006398
10 17 0.007982
10 18 0.009798
10 19 0.011834
10 20 0.014071
10 21 0.016474
10 22 0.018997
10 23 0.021584
10 24 0.024169
10 25 0.026683
10 26 0.029051
10 27 0.031202
10 28 0.033066
10 29 0.034585
10 30 0.035707
10 31 0.036396
10 32 0.036628
10 33 0.036396
10 34 0.035707
10 35 0.034585
10 36 0.033066
10 37 0.031202
10 38 0.029051
10 39 0.026683
10 40 0.024169
10 41 0.021584
10 42 0.018997
10 43 0.016474
10 44 0.014071
10 45 0.011834
10 46 0.009798
10 47 0.007982
10 48 0.006398
10 49 0.005044
10 50 0.003911
10 51 0.002980
10 52 0.002233
10 53 0.001644
10 54 0.001189
10 55 0.000845
10 56 0.000590
10 57 0.000404
10 58 0.000270
10 59 0.000177
10 60 0.000111
10 61 0.000064
10 62 0.000029
10 63 0.000000

11 0 0.000000
11 1 0.000026
11 2 0.000057
11 3 0.000100
11 4 0.000161
11 5 0.000251
11 6 0.000380
11 7 0.000563
11 8 0.000820
11 9 0.001172
11 10 0.001644
11 11 0.002266
11 12 0.003069
11 13 0.004084
11 14 0.005341
11 15 0.006868
11 16 0.008683
11 17 0.010797
11 18 0.013208
11 19 0.015900
11 20 0.018843
11 21 0.021988
11 22 0.025274
11 23 0.028627
11 24 0.031962
11 25 0.035189
11 26 0.038217
11 27 0.040955
11 28 0.043322
11 29 0.045243
11 30 0.046660
11 31 0.047528
11 32 0.047820
11 33 0.047528
11 34 0.046660
11 35 0.045243
11 36 0.043322
11 37 0.040955
11 38 0.038217
11 39 0.035189
11 40 0.031962
11 41 0.028627
11 42 0.025274
11 43 0.021988
11 44 0.018843
11 45 0.015900
11 46 0.013208
11 47 0.010797
11 48 0.008683
11 49 0.006868
11 50 0.005341
11 51 0.004084
11 52 0.003069
11 53 0.002266
11 54 0.001644
11 55 0.001171
11 56 0.000820
11 57 0.000562
11 58 0.000378
11 59 0.000247
11 60 0.000156
11 61 0.000090
11 62 0.000041
11 63 0.000000

12 0 0.000000
12 1 0.000036
12 2 0.000079
12 3 0.000138
12 4 0.000223
12 5 0.000345
12 6 0.000521
12 7 0.000772
12 8 0.001120
12 9 0.001596
12 10 0.002233
12 11 0.003069
12 12 0.004143
12 13 0.005496
12 14 0.007165
12 15 0.009182
12 16 0.011569
12 17 0.014335
12 18 0.017474
12 19 0.020960
12 20 0.024749
12 21 0.028777
12 22 0.032962
12 23 0.037207
12 24 0.041407
12 25 0.045450
12 26 0.049222
12 27 0.052619
12 28 0.055542
12 29 0.057906
12 30 0.059645
12 31 0.060709
12 32 0.061067
12 33 0.060709
12 34 0.059645
12 35 0.057906
12 36 0.055542
12 37 0.052619
12 38 0.049222
12 39 0.045450
12 40 0.041407
12 41 0.037207
12 42 0.032962
12 43 0.028777
12 44 0.024749
12 45 0.020960
12 46 0.017474
12 47 0.014335
12 48 0.011569
12 49 0.009182
12 50 0.007165
12 51 0.005496
12 52 0.004143
12 53 0.003069
12 54 0.002233
12 55 0.001596
12 56 0.001119
12 57 0.000770
12 58 0.000518
12 59 0.000340
12 60 0.000215
12 61 0.000125
12 62 0.000057
12 63 0.000000

13 0 0.000000
13 1 0.000049
13 2 0.000108
13 3 0.000188
13 4 0.000302
13 5 0.000467
13 6 0.000704
13 7 0.001039
13 8 0.001504
13 9 0.002136
13 10 0.002980
13 11 0.004084
13 12 0.005496
13 13 0.007267
13 14 0.009442
13 15 0.012057
13 16 0.015136
13 17 0.018685
13 18 0.022690
13 19 0.027111
13 20 0.031887
13 21 0.036932
13 22 0.042140
13 23 0.047389
13 24 0.052548
13 25 0.057482
13 26 0.062059
13 27 0.066156
13 28 0.069664
13 29 0.072490
13 30 0.074561
13 31 0.075824
13 32 0.076249
13 33 0.075824
13 34 0.074561
13 35 0.072490
13 36 0.069664
13 37 0.066156
13 38 0.062059
13 39 0.057482
13 40 0.052548
13 41 0.047389
13 42 0.042140
13 43 0.036932
13 44 0.031887
13 45 0.027111
13 46 0.022690
13 47 0.018685
13 48 0.015136
13 49 0.012057
13 50 0.009442
13 51 0.007267
13 52 0.005496
13 53 0.004084
13 54 0.002980
13 55 0.002136
13 56 0.001503
13 57 0.001037
13 58 0.000700
13 59 0.000460
13 60 0.000291
13 61 0.000169
13 62 0.000078
13 63 0.000000

14 0 0.000000
14 1 0.000066
14 2 0.000144
14 3 0.000251
14 4 0.000402
14 5 0.000620
14 6 0.000933
14 7 0.001374
14 8 0.001984
14 9 0.002811
14 10 0.003911
14 11 0.005341
14 12 0.007165
14 13 0.009442
14 14 0.012224
14 15 0.015552
14 16 0.019448
14 17 0.023914
14 18 0.028921
14 19 0.034413
14 20 0.040305
14 21 0.046483
14 22 0.052814
14 23 0.059146
14 24 0.065321
14 25 0.071181
14 26 0.076578
14 27 0.081374
14 28 0.085454
14 29 0.088723
14 30 0.091109
14 31 0.092560
14 32 0.093047
14 33 0.092560
14 34 0.091109
14 35 0.088723
14 36 0.085454
14 37 0.081374
14 38 0.076578
14 39 0.071181
14 40 0.065321
14 41 0.059146
14 42 0.052814
14 43 0.046483
14 44 0.040305
14 45 0.034413
14 46 0.028921
14 47 0.023914
14 48 0.019448
14 49 0.015552
14 50 0.012224
14 51 0.009442
14 52 0.007165
14 53 0.005341
14 54 0.003910
14 55 0.002811
14 56 0.001983
14 57 0.001371
14 58 0.000928
14 59 0.000612
14 60 0.000388
14 61 0.000226
14 62 0.000104
14 63 0.000000

15 0 0.000000
15 1 0.000086
15 2 0.000190
15 3 0.000329
15 4 0.000527
15 5 0.000811
15 6 0.001218
15 7 0.001788
15 8 0.002575
15 9 0.003637
15 10 0.005044
15 11 0.006868
15 12 0.009182
15 13 0.012057
15 14 0.015552
15 15 0.019709
15 16 0.024548
15 17 0.030058
15 18 0.036194
15 19 0.042874
15 20 0.049985
15 21 0.057380
15 22 0.064891
15 23 0.072336
15 24 0.079528
15 25 0.086290
15 26 0.092459
15 27 0.097894
15 28 0.102479
15 29 0.106127
15 30 0.108774
15 31 0.110377
15 32 0.110914
15 33 0.110377
15 34 0.108774
15 35 0.106127
15 36 0.102479
15 37 0.097894
15 38 0.092459
15 39 0.086290
15 40 0.079528
15 41 0.072336
15 42 0.064891
15 43 0.057380
15 44 0.049985
15 45 0.042874
15 46 0.036194
15 47 0.030058
15 48 0.024548
15 49 0.019709
15 50 0.015552
15 51 0.012057
15 52 0.009182
15 53 0.006868
15 54 0.005044
15 55 0.003637
15 56 0.002573
15 57 0.001784
15 58 0.001210
15 59 0.000800
15 60 0.000508
15 61 0.000296
15 62 0.000136
15 63 0.000000

16 0 0.000000
16 1 0.000112
16 2 0.000245
16 3 0.000425
16 4 0.000679
16 5 0.001043
16 6 0.001562
16 7 0.002288
16 8 0.003285
16 9 0.004628
16 10 0.006398
16 11 0.008683
16 12 0.011569
16 13 0.015136
16 14 0.019448
16 15 0.024548
16 16 0.030446
16 17 0.037114
16 18 0.044483
16 19 0.052440
16 20 0.060834
16 21 0.069480
16 22 0.078171
16 23 0.086691
16 24 0.094829
16 25 0.102390
16 26 0.109205
16 27 0.115141
16 28 0.120094
16 29 0.123997
16 30 0.126807
16 31 0.128500
16 32 0.129065
16 33 0.128500
16 34 0.126807
16 35 0.123997
16 36 0.120094
16 37 0.115141
16 38 0.109205
16 39 0.102390
16 40 0.094829
16 41 0.086691
16 42 0.078171
16 43 0.069480
16 44 0.060834
16 45 0.052440
16 46 0.044483
16 47 0.037114
16 48 0.030446
16 49 0.024548
16 50 0.019448
16 51 0.015136
16 52 0.011569
16 53 0.008683
16 54 0.006398
16 55 0.004627
16 56 0.003283
16 57 0.002283
16 58 0.001552
16 59 0.001028
16 60 0.000654
16 61 0.000382
16 62 0.000176
16 63 0.000000

17 0 0.000000
17 1 0.000142
17 2 0.000312
17 3 0.000540
17 4 0.000861
17 5 0.001319
17 6 0.001971
17 7 0.002880
17 8 0.004124
17 9 0.005792
17 10 0.007982
17 11 0.010797
17 12 0.014335
17 13 0.018685
17 14 0.023914
17 15 0.030058
17 16 0.037114
17 17 0.045030
17 18 0.053705
17 19 0.062985
17 20 0.072674
17 21 0.082541
17 22 0.092338
17 23 0.101814
17 24 0.110736
17 25 0.118901
17 26 0.126146
17 27 0.132356
17 28 0.137461
17 29 0.141427
17 30 0.144250
17 31 0.145937
17 32 0.146498
17 33 0.145937
17 34 0.144250
17 35 0.141427
17 36 0.137461
17 37 0.132356
17 38 0.126146
17 39 0.118901
17 40 0.110736
17 41 0.101814
17 42 0.092338
17 43 0.082541
17 44 0.072674
17 45 0.062985
17 46 0.053705
17 47 0.045030
17 48 0.037114
17 49 0.030058
17 50 0.023914
17 51 0.018685
17 52 0.014335
17 53 0.010797
17 54 0.007982
17 55 0.005791
17 56 0.004121
17 57 0.002873
17 58 0.001958
17 59 0.001300
17 60 0.000829
17 61 0.000485
17 62 0.000223
17 63 0.000000

18 0 0.000000
18 1 0.000178
18 2 0.000390
18 3 0.000675
18 4 0.001073
18 5 0.001641
18 6 0.002446
18 7 0.003566
18 8 0.005092
18 9 0.007131
18 10 0.009798
18 11 0.013208
18 12 0.017474
18 13 0.022690
18 14 0.028921
18 15 0.036194
18 16 0.044483
18 17 0.053705
18 18 0.063715
18 19 0.074311
18 20 0.085243
18 21 0.096228
18 22 0.106973
18 23 0.117194
18 24 0.126640
18 25 0.135111
18 26 0.142467
18 27 0.148630
18 28 0.153584
18 29 0.157352
18 30 0.159984
18 31 0.161536
18 32 0.162048
18 33 0.161536
18 34 0.159984
18 35 0.157352
18 36 0.153584
18 37 0.148630
18 38 0.142467
18 39 0.135111
18 40 0.126640
18 41 0.117194
18 42 0.106973
18 43 0.096228
18 44 0.085243
18 45 0.074311
18 46 0.063715
18 47 0.053705
18 48 0.044483
18 49 0.036194
18 50 0.028921
18 51 0.022690
18 52 0.017474
18 53 0.013208
18 54 0.009797
18 55 0.007130
18 56 0.005089
18 57 0.003557
18 58 0.002430
18 59 0.001617
18 60 0.001033
18 61 0.000605
18 62 0.000279
18 63 0.000000

19 0 0.000000
19 1 0.000220
19 2 0.000480
19 3 0.000829
19 4 0.001317
19 5 0.002009
19 6 0.002988
19 7 0.004345
19 8 0.006188
19 9 0.008641
19 10 0.011834
19 11 0.015900
19 12 0.020960
19 13 0.027111
19 14 0.034413
19 15 0.042874
19 16 0.052440
19 17 0.062985
19 18 0.074311
19 19 0.086157
19 20 0.098210
19 21 0.110130
19 22 0.121575
19 23 0.132233
19 24 0.141843
19 25 0.150222
19 26 0.157270
19 27 0.162973
19 28 0.167389
19 29 0.170626
19 30 0.172813
19 31 0.174069
19 32 0.174477
19 33 0.174069
19 34 0.172813
19 35 0.170626
19 36 0.167389
19 37 0.162973
19 38 0.157270
19 39 0.150222
19 40 0.141843
19 41 0.132233
19 42 0.121575
19 43 0.110130
19 44 0.098210
19 45 0.086157
19 46 0.074311
19 47 0.062985
19 48 0.052440
19 49 0.042874
19 50 0.034413
19 51 0.027111
19 52 0.020960
19 53 0.015900
19 54 0.011834
19 55 0.008639
19 56 0.006183
19 57 0.004333
19 58 0.002968
19 59 0.001980
19 60 0.001267
19 61 0.000744
19 62 0.000343
19 63 0.000000

20 0 0.000000
20 1 0.000266
20 2 0.000582
20 3 0.001003
20 4 0.001590
20 5 0.002421
20 6 0.003592
20 7 0.005211
20 8 0.007402
20 9 0.010305
20 10 0.014071
20 11 0.018843
20 12 0.024749
20 13 0.031887
20 14 0.040305
20 15 0.049985
20 16 0.060834
20 17 0.072674
20 18 0.085243
20 19 0.098210
20 20 0.111192
20 21 0.123785
20 22 0.135599
20 23 0.146297
20 24 0.155619
20 25 0.163416
20 26 0.169651
20 27 0.174398
20 28 0.177820
20 29 0.180136
20 30 0.181577
20 31 0.182349
20 32 0.182590
20 33 0.182349
20 34 0.181577
20 35 0.180136
20 36 0.177820
20 37 0.174398
20 38 0.169651
20 39 0.163416
20 40 0.155619
20 41 0.146297
20 42 0.135599
20 43 0.123785
20 44 0.111192
20 45 0.098210
20 46 0.085243
20 47 0.072674
20 48 0.060834
20 49 0.049985
20 50 0.040305
20 51 0.031887
20 52 0.024749
20 53 0.018842
20 54 0.014070
20 55 0.010304
20 56 0.007396
20 57 0.005196
20 58 0.003567
20 59 0.002385
20 60 0.001530
20 61 0.000899
20 62 0.000415
20 63 0.000000

21 0 0.000000
21 1 0.000318
21 2 0.000693
21 3 0.001194
21 4 0.001889
21 5 0.002871
21 6 0.004251
21 7 0.006152
21 8 0.008716
21 9 0.012102
21 10 0.016474
21 11 0.021988
21 12 0.028777
21 13 0.036932
21 14 0.046483
21 15 0.057380
21 16 0.069480
21 17 0.082541
21 18 0.096228
21 19 0.110130
21 20 0.123785
21 21 0.136722
21 22 0.148504
21 23 0.158772
21 24 0.167285
21 25 0.173943
21 26 0.178796
21 27 0.182035
21 28 0.183957
21 29 0.184921
21 30 0.185289
21 31 0.185370
21 32 0.185373
21 33 0.185370
21 34 0.185289
21 35 0.184921
21 36 0.183957
21 37 0.182035
21 38 0.178796
21 39 0.173943
21 40 0.167285
21 41 0.158772
21 42 0.148504
21 43 0.136722
21 44 0.123785
21 45 0.110130
21 46 0.096228
21 47 0.082541
21 48 0.069480
21 49 0.057380
21 50 0.046483
21 51 0.036932
21 52 0.028777
21 53 0.021987
21 54 0.016473
21 55 0.012100
21 56 0.008709
21 57 0.006135
21 58 0.004221
21 59 0.002828
21 60 0.001817
21 61 0.001069
21 62 0.000494
21 63 0.000000

22 0 0.000000
22 1 0.000373
22 2 0.000814
22 3 0.001399
22 4 0.002210
22 5 0.003352
22 6 0.004954
22 7 0.007152
22 8 0.010108
22 9 0.013997
22 10 0.018997
22 11 0.025274
22 12 0.032962
22 13 0.042140
22 14 0.052814
22 15 0.064891
22 16 0.078171
22 17 0.092338
22 18 0.106973
22 19 0.121575
22 20 0.135599
22 21 0.148504
22 22 0.159806
22 23 0.169135
22 24 0.176278
22 25 0.181206
22 26 0.184081
22 27 0.185238
22 28 0.185138
22 29 0.184308
22 30 0.183266
22 31 0.182447
22 32 0.182140
22 33 0.182447
22 34 0.183266
22 35 0.184308
22 36 0.185138
22 37 0.185238
22 38 0.184081
22 39 0.181206
22 40 0.176278
22 41 0.169135
22 42 0.159806
22 43 0.148504
22 44 0.135599
22 45 0.121575
22 46 0.106973
22 47 0.092338
22 48 0.078171
22 49 0.064891
22 50 0.052814
22 51 0.042140
22 52 0.032962
22 53 0.025274
22 54 0.018996
22 55 0.013994
22 56 0.010099
22 57 0.007131
22 58 0.004917
22 59 0.003301
22 60 0.002125
22 61 0.001252
22 62 0.000579
22 63 0.000000

23 0 0.000000
23 1 0.000431
23 2 0.000940
23 3 0.001614
23 4 0.002546
23 5 0.003854
23 6 0.005684
23 7 0.008190
23 8 0.011547
23 9 0.015948
23 10 0.021584
23 11 0.028627
23 12 0.037207
23 13 0.047389
23 14 0.059146
23 15 0.072336
23 16 0.086691
23 17 0.101814
23 18 0.117194
23 19 0.132233
23 20 0.146297
23 21 0.158772
23 22 0.169135
23 23 0.177011
23 24 0.182229
23 25 0.184849
23 26 0.185170
23 27 0.183693
23 28 0.181072
23 29 0.178029
23 30 0.175258
23 31 0.173340
23 32 0.172656
23 33 0.173340
23 34 0.175258
23 35 0.178029
23 36 0.181072
23 37 0.183693
23 38 0.185170
23 39 0.184849
23 40 0.182229
23 41 0.177011
23 42 0.169135
23 43 0.158772
23 44 0.146297
23 45 0.132233
23 46 0.117194
23 47 0.101814
23 48 0.086691
23 49 0.072336
23 50 0.059146
23 51 0.047389
23 52 0.037207
23 53 0.028626
23 54 0.021583
23 55 0.015945
23 56 0.011537
23 57 0.008165
23 58 0.005642
23 59 0.003795
23 60 0.002447
23 61 0.001443
23 62 0.000669
23 63 0.000000

24 0 0.000000
24 1 0.000491
24 2 0.001068
24 3 0.001834
24 4 0.002887
24 5 0.004364
24 6 0.006425
24 7 0.009238
24 8 0.012996
24 9 0.017906
24 10 0.024169
24 11 0.031962
24 12 0.041407
24 13 0.052548
24 14 0.065321
24 15 0.079528
24 16 0.094829
24 17 0.110736
24 18 0.126640
24 19 0.141843
24 20 0.155619
24 21 0.167285
24 22 0.176278
24 23 0.182229
24 24 0.185021
24 25 0.184821
24 26 0.182079
24 27 0.177490
24 28 0.171920
24 29 0.166303
24 30 0.161533
24 31 0.158347
24 32 0.157229
24 33 0.158347
24 34 0.161533
24 35 0.166303
24 36 0.171920
24 37 0.177490
24 38 0.182079
24 39 0.184821
24 40 0.185021
24 41 0.182229
24 42 0.176278
24 43 0.167285
24 44 0.155619
24 45 0.141843
24 46 0.126640
24 47 0.110736
24 48 0.094829
24 49 0.079528
24 50 0.065321
24 51 0.052548
24 52 0.041407
24 53 0.031962
24 54 0.024169
24 55 0.017903
24 56 0.012985
24 57 0.009209
24 58 0.006376
24 59 0.004297
24 60 0.002775
24 61 0.001638
24 62 0.000760
24 63 0.000000

25 0 0.000000
25 1 0.000550
25 2 0.001196
25 3 0.002051
25 4 0.003225
25 5 0.004868
25 6 0.007154
25 7 0.010268
25 8 0.014416
25 9 0.019817
25 10 0.026683
25 11 0.035189
25 12 0.045450
25 13 0.057482
25 14 0.071181
25 15 0.086290
25 16 0.102390
25 17 0.118901
25 18 0.135111
25 19 0.150222
25 20 0.163416
25 21 0.173943
25 22 0.181206
25 23 0.184849
25 24 0.184821
25 25 0.181405
25 26 0.175220
25 27 0.167163
25 28 0.158328
25 29 0.149879
25 30 0.142916
25 31 0.138342
25 32 0.136749
25 33 0.138342
25 34 0.142916
25 35 0.149879
25 36 0.158328
25 37 0.167163
25 38 0.175220
25 39 0.181405
25 40 0.184821
25 41 0.184849
25 42 0.181206
25 43 0.173943
25 44 0.163416
25 45 0.150222
25 46 0.135111
25 47 0.118901
25 48 0.102390
25 49 0.086290
25 50 0.071181
25 51 0.057482
25 52 0.045450
25 53 0.035189
25 54 0.026682
25 55 0.019813
25 56 0.014402
25 57 0.010235
25 58 0.007098
25 59 0.004792
25 60 0.003099
25 61 0.001831
25 62 0.000850
25 63 0.000000

26 0 0.000000
26 1 0.000607
26 2 0.001319
26 3 0.002259
26 4 0.003549
26 5 0.005349
26 6 0.007850
26 7 0.011248
26 8 0.015763
26 9 0.021625
26 10 0.029051
26 11 0.038217
26 12 0.049222
26 13 0.062059
26 14 0.076578
26 15 0.092459
26 16 0.109205
26 17 0.126146
26 18 0.142467
26 19 0.157270
26 20 0.169651
26 21 0.178796
26 22 0.184081
26 23 0.185170
26 24 0.182079
26 25 0.175220
26 26 0.165381
26 27 0.153671
26 28 0.141414
26 29 0.130006
26 30 0.120758
26 31 0.114741
26 32 0.112654
26 33 0.114741
26 34 0.120758
26 35 0.130006
26 36 0.141414
26 37 0.153671
26 38 0.165381
26 39 0.175220
26 40 0.182079
26 41 0.185170
26 42 0.184081
26 43 0.178796
26 44 0.169651
26 45 0.157270
26 46 0.142467
26 47 0.126146
26 48 0.109205
26 49 0.092459
26 50 0.076578
26 51 0.062059
26 52 0.049222
26 53 0.038217
26 54 0.029050
26 55 0.021620
26 56 0.015748
26 57 0.011211
26 58 0.007788
26 59 0.005265
26 60 0.003410
26 61 0.002016
26 62 0.000936
26 63 0.000000

27 0 0.000000
27 1 0.000659
27 2 0.001432
27 3 0.002452
27 4 0.003847
27 5 0.005791
27 6 0.008488
27 7 0.012146
27 8 0.016993
27 9 0.023272
27 10 0.031202
27 11 0.040955
27 12 0.052619
27 13 0.066156
27 14 0.081374
27 15 0.097894
27 16 0.115141
27 17 0.132356
27 18 0.148630
27 19 0.162973
27 20 0.174398
27 21 0.182035
27 22 0.185238
27 23 0.183693
27 24 0.177490
27 25 0.167163
27 26 0.153671
27 27 0.138327
27 28 0.122679
27 29 0.108348
27 30 0.096846
27 31 0.089406
27 32 0.086833
27 33 0.089406
27 34 0.096846
27 35 0.108348
27 36 0.122679
27 37 0.138327
27 38 0.153671
27 39 0.167163
27 40 0.177490
27 41 0.183693
27 42 0.185238
27 43 0.182035
27 44 0.174398
27 45 0.162973
27 46 0.148630
27 47 0.132356
27 48 0.115141
27 49 0.097894
27 50 0.081374
27 51 0.066156
27 52 0.052619
27 53 0.040955
27 54 0.031201
27 55 0.023267
27 56 0.016977
27 57 0.012105
27 58 0.008420
27 59 0.005700
27 60 0.003696
27 61 0.002187
27 62 0.001016
27 63 0.000000

28 0 0.000000
28 1 0.000705
28 2 0.001532
28 3 0.002621
28 4 0.004109
28 5 0.006179
28 6 0.009047
28 7 0.012930
28 8 0.018066
28 9 0.024704
28 10 0.033066
28 11 0.043322
28 12 0.055542
28 13 0.069664
28 14 0.085454
28 15 0.102479
28 16 0.120094
28 17 0.137461
28 18 0.153584
28 19 0.167389
28 20 0.177820
28 21 0.183957
28 22 0.185138
28 23 0.181072
28 24 0.171920
28 25 0.158328
28 26 0.141414
28 27 0.122679
28 28 0.103876
28 29 0.086829
28 30 0.073238
28 31 0.064480
28 32 0.061457
28 33 0.064480
28 34 0.073238
28 35 0.086829
28 36 0.103876
28 37 0.122679
28 38 0.141414
28 39 0.158328
28 40 0.171920
28 41 0.181072
28 42 0.185138
28 43 0.183957
28 44 0.177820
28 45 0.167389
28 46 0.153584
28 47 0.137461
28 48 0.120094
28 49 0.102479
28 50 0.085454
28 51 0.069664
28 52 0.055542
28 53 0.043322
28 54 0.033065
28 55 0.024698
28 56 0.018048
28 57 0.012886
28 58 0.008974
28 59 0.006082
28 60 0.003946
28 61 0.002337
28 62 0.001086
28 63 0.000000

29 0 0.000000
29 1 0.000743
29 2 0.001614
29 3 0.002760
29 4 0.004325
29 5 0.006498
29 6 0.009506
29 7 0.013573
29 8 0.018944
29 9 0.025873
29 10 0.034585
29 11 0.045243
29 12 0.057906
29 13 0.072490
29 14 0.088723
29 15 0.106127
29 16 0.123997
29 17 0.141427
29 18 0.157352
29 19 0.170626
29 20 0.180136
29 21 0.184921
29 22 0.184308
29 23 0.178029
29 24 0.166303
29 25 0.149879
29 26 0.130006
29 27 0.108348
29 28 0.086829
29 29 0.067450
29 30 0.052064
29 31 0.042177
29 32 0.038768
29 33 0.042177
29 34 0.052064
29 35 0.067450
29 36 0.086829
29 37 0.108348
29 38 0.130006
29 39 0.149879
29 40 0.166303
29 41 0.178029
29 42 0.184308
29 43 0.184921
29 44 0.180136
29 45 0.170626
29 46 0.157352
29 47 0.141427
29 48 0.123997
29 49 0.106127
29 50 0.088723
29 51 0.072490
29 52 0.057906
29 53 0.045243
29 54 0.034584
29 55 0.025867
29 56 0.018925
29 57 0.013525
29 58 0.009428
29 59 0.006395
29 60 0.004153
29 61 0.002460
29 62 0.001144
29 63 0.000000

30 0 0.000000
30 1 0.000772
30 2 0.001675
30 3 0.002864
30 4 0.004485
30 5 0.006735
30 6 0.009847
30 7 0.014050
30 8 0.019595
30 9 0.026738
30 10 0.035707
30 11 0.046660
30 12 0.059645
30 13 0.074561
30 14 0.091109
30 15 0.108774
30 16 0.126807
30 17 0.144250
30 18 0.159984
30 19 0.172813
30 20 0.181577
30 21 0.185289
30 22 0.183266
30 23 0.175258
30 24 0.161533
30 25 0.142916
30 26 0.120758
30 27 0.096846
30 28 0.073238
30 29 0.052064
30 30 0.035301
30 31 0.024546
30 32 0.020840
30 33 0.024546
30 34 0.035301
30 35 0.052064
30 36 0.073238
30 37 0.096846
30 38 0.120758
30 39 0.142916
30 40 0.161533
30 41 0.175258
30 42 0.183266
30 43 0.185289
30 44 0.181577
30 45 0.172813
30 46 0.159984
30 47 0.144250
30 48 0.126807
30 49 0.108774
30 50 0.091109
30 51 0.074561
30 52 0.059645
30 53 0.046660
30 54 0.035706
30 55 0.026733
30 56 0.019575
30 57 0.014001
30 58 0.009766
30 59 0.006629
30 60 0.004307
30 61 0.002552
30 62 0.001188
30 63 0.000000

31 0 0.000000
31 1 0.000789
31 2 0.001713
31 3 0.002928
31 4 0.004584
31 5 0.006882
31 6 0.010057
31 7 0.014344
31 8 0.019995
31 9 0.027270
31 10 0.036396
31 11 0.047528
31 12 0.060709
31 13 0.075824
31 14 0.092560
31 15 0.110377
31 16 0.128500
31 17 0.145937
31 18 0.161536
31 19 0.174069
31 20 0.182349
31 21 0.185370
31 22 0.182447
31 23 0.173340
31 24 0.158347
31 25 0.138342
31 26 0.114741
31 27 0.089406
31 28 0.064480
31 29 0.042177
31 30 0.024546
31 31 0.013245
31 32 0.009353
31 33 0.013245
31 34 0.024546
31 35 0.042177
31 36 0.064480
31 37 0.089406
31 38 0.114741
31 39 0.138342
31 40 0.158347
31 41 0.173340
31 42 0.182447
31 43 0.185370
31 44 0.182349
31 45 0.174069
31 46 0.161536
31 47 0.145937
31 48 0.128500
31 49 0.110377
31 50 0.092560
31 51 0.075824
31 52 0.060709
31 53 0.047528
31 54 0.036395
31 55 0.027264
31 56 0.019974
31 57 0.014293
31 58 0.009974
31 59 0.006772
31 60 0.004402
31 61 0.002609
31 62 0.001214
31 63 0.000000

32 0 0.000000
32 1 0.000795
32 2 0.001726
32 3 0.002950
32 4 0.004618
32 5 0.006931
32 6 0.010128
32 7 0.014443
32 8 0.020131
32 9 0.027450
32 10 0.036628
32 11 0.047820
32 12 0.061067
32 13 0.076249
32 14 0.093047
32 15 0.110914
32 16 0.129065
32 17 0.146498
32 18 0.162048
32 19 0.174477
32 20 0.182590
32 21 0.185373
32 22 0.182140
32 23 0.172656
32 24 0.157229
32 25 0.136749
32 26 0.112654
32 27 0.086833
32 28 0.061457
32 29 0.038768
32 30 0.020840
32 31 0.009353
32 32 0.005397
32 33 0.009353
32 34 0.020840
32 35 0.038768
32 36 0.061457
32 37 0.086833
32 38 0.112654
32 39 0.136749
32 40 0.157229
32 41 0.172656
32 42 0.182140
32 43 0.185373
32 44 0.182590
32 45 0.174477
32 46 0.162048
32 47 0.146498
32 48 0.129065
32 49 0.110914
32 50 0.093047
32 51 0.076249
32 52 0.061067
32 53 0.047820
32 54 0.036627
32 55 0.027444
32 56 0.020109
32 57 0.014392
32 58 0.010045
32 59 0.006821
32 60 0.004434
32 61 0.002628
32 62 0.001223
32 63 0.000000

33 0 0.000000
33 1 0.000789
33 2 0.001713
33 3 0.002928
33 4 0.004584
33 5 0.006882
33 6 0.010057
33 7 0.014344
33 8 0.019995
33 9 0.027270
33 10 0.036396
33 11 0.047528
33 12 0.060709
33 13 0.075824
33 14 0.092560
33 15 0.110377
33 16 0.128500
33 17 0.145937
33 18 0.161536
33 19 0.174069
33 20 0.182349
33 21 0.185370
33 22 0.182447
33 23 0.173340
33 24 0.158347
33 25 0.138342
33 26 0.114741
33 27 0.089406
33 28 0.064480
33 29 0.042177
33 30 0.024546
33 31 0.013245
33 32 0.009353
33 33 0.013245
33 34 0.024546
33 35 0.042177
33 36 0.064480
33 37 0.089406
33 38 0.114741
33 39 0.138342
33 40 0.158347
33 41 0.173340
33 42 0.182447
33 43 0.185370
33 44 0.182349
33 45 0.174069
33 46 0.161536
33 47 0.145937
33 48 0.128500
33 49 0.110377
33 50 0.092560
33 51 0.075824
33 52 0.060709
33 53 0.047528
33 54 0.036395
33 55 0.027264
33 56 0.019974
33 57 0.014293
33 58 0.009974
33 59 0.006772
33 60 0.004402
33 61 0.002609
33 62 0.001214
33 63 0.000000

34 0 0.000000
34 1 0.000772
34 2 0.001675
34 3 0.002864
34 4 0.004485
34 5 0.006735
34 6 0.009847
34 7 0.014050
34 8 0.019595
34 9 0.026738
34 10 0.035707
34 11 0.046660
34 12 0.059645
34 13 0.074561
34 14 0.091109
34 15 0.108774
34 16 0.126807
34 17 0.144250
34 18 0.159984
34 19 0.172813
34 20 0.181577
34 21 0.185289
34 22 0.183266
34 23 0.175258
34 24 0.161533
34 25 0.142916
34 26 0.120758
34 27 0.096846
34 28 0.073238
34 29 0.052064
34 30 0.035301
34 31 0.024546
34 32 0.020840
34 33 0.024546
34 34 0.035301
34 35 0.052064
34 36 0.073238
34 37 0.096846
34 38 0.120758
34 39 0.142916
34 40 0.161533
34 41 0.175258
34 42 0.183266
34 43 0.185289
34 44 0.181577
34 45 0.172813
34 46 0.159984
34 47 0.144250
34 48 0.126807
34 49 0.108774
34 50 0.091109
34 51 0.074561
34 52 0.059645
34 53 0.046660
34 54 0.035706
34 55 0.026733
34 56 0.019575
34 57 0.014001
34 58 0.009766
34 59 0.006629
34 60 0.004307
34 61 0.002552
34 62 0.001188
34 63 0.000000

35 0 0.000000
35 1 0.000743
35 2 0.001614
35 3 0.002760
35 4 0.004325
35 5 0.006498
35 6 0.009506
35 7 0.013573
35 8 0.018944
35 9 0.025873
35 10 0.034585
35 11 0.045243
35 12 0.057906
35 13 0.072490
35 14 0.088723
35 15 0.106127
35 16 0.123997
35 17 0.141427
35 18 0.157352
35 19 0.170626
35 20 0.180136
35 21 0.184921
35 22 0.184308
35 23 0.178029
35 24 0.166303
35 25 0.149879
35 26 0.130006
35 27 0.108348
35 28 0.086829
35 29 0.067450
35 30 0.052064
35 31 0.042177
35 32 0.038768
35 33 0.042177
35 34 0.052064
35 35 0.067450
35 36 0.086829
35 37 0.108348
35 38 0.130006
35 39 0.149879
35 40 0.166303
35 41 0.178029
35 42 0.184308
35 43 0.184921
35 44 0.180136
35 45 0.170626
35 46 0.157352
35 47 0.141427
35 48 0.123997
35 49 0.106127
35 50 0.088723
35 51 0.072490
35 52 0.057906
35 53 0.045243
35 54 0.034584
35 55 0.025867
35 56 0.018925
35 57 0.013525
35 58 0.009428
35 59 0.006395
35 60 0.004153
35 61 0.002460
35 62 0.001144
35 63 0.000000

36 0 0.000000
36 1 0.000705
36 2 0.001532
36 3 0.002621
36 4 0.004109
36 5 0.006179
36 6 0.009047
36 7 0.012930
36 8 0.018066
36 9 0.024704
36 10 0.033066
36 11 0.043322
36 12 0.055542
36 13 0.069664
36 14 0.085454
36 15 0.102479
36 16 0.120094
36 17 0.137461
36 18 0.153584
36 19 0.167389
36 20 0.177820
36 21 0.183957
36 22 0.185138
36 23 0.181072
36 24 0.171920
36 25 0.158328
36 26 0.141414
36 27 0.122679
36 28 0.103876
36 29 0.086829
36 30 0.073238
36 31 0.064480
36 32 0.061457
36 33 0.064480
36 34 0.073238
36 35 0.086829
36 36 0.103876
36 37 0.122679
36 38 0.141414
36 39 0.158328
36 40 0.171920
36 41 0.181072
36 42 0.185138
36 43 0.183957
36 44 0.177820
36 45 0.167389
36 46 0.153584
36 47 0.137461
36 48 0.120094
36 49 0.102479
36 50 0.085454
36 51 0.069664
36 52 0.055542
36 53 0.043322
36 54 0.033065
36 55 0.024698
36 56 0.018048
36 57 0.012886
36 58 0.008974
36 59 0.006082
36 60 0.003946
36 61 0.002337
36 62 0.001086
36 63 0.000000

37 0 0.000000
37 1 0.000659
37 2 0.001432
37 3 0.002452
37 4 0.003847
37 5 0.005791
37 6 0.008488
37 7 0.012146
37 8 0.016993
37 9 0.023272
37 10 0.031202
37 11 0.040955
37 12 0.052619
37 13 0.066156
37 14 0.081374
37 15 0.097894
37 16 0.115141
37 17 0.132356
37 18 0.148630
37 19 0.162973
37 20 0.174398
37 21 0.182035
37 22 0.185238
37 23 0.183693
37 24 0.177490
37 25 0.167163
37 26 0.153671
37 27 0.138327
37 28 0.122679
37 29 0.108348
37 30 0.096846
37 31 0.089406
37 32 0.086833
37 33 0.089406
37 34 0.096846
37 35 0.108348
37 36 0.122679
37 37 0.138327
37 38 0.153671
37 39 0.167163
37 40 0.177490
37 41 0.183693
37 42 0.185238
37 43 0.182035
37 44 0.174398
37 45 0.162973
37 46 0.148630
37 47 0.132356
37 48 0.115141
37 49 0.097894
37 50 0.081374
37 51 0.066156
37 52 0.052619
37 53 0.040955
37 54 0.031201
37 55 0.023267
37 56 0.016977
37 57 0.012105
37 58 0.008420
37 59 0.005700
37 60 0.003696
37 61 0.002187
37 62 0.001016
37 63 0.000000

38 0 0.000000
38 1 0.000607
38 2 0.001319
38 3 0.002259
38 4 0.003549
38 5 0.005349
38 6 0.007850
38 7 0.011248
38 8 0.015763
38 9 0.021625
38 10 0.029051
38 11 0.038217
38 12 0.049222
38 13 0.062059
38 14 0.076578
38 15 0.092459
38 16 0.109205
38 17 0.126146
38 18 0.142467
38 19 0.157270
38 20 0.169651
38 21 0.178796
38 22 0.184081
38 23 0.185170
38 24 0.182079
38 25 0.175220
38 26 0.165381
38 27 0.153671
38 28 0.141414
38 29 0.130006
38 30 0.120758
38 31 0.114741
38 32 0.112654
38 33 0.114741
38 34 0.120758
38 35 0.130006
38 36 0.141414
38 37 0.153671
38 38 0.165381
38 39 0.175220
38 40 0.182079
38 41 0.185170
38 42 0.184081
38 43 0.178796
38 44 0.169651
38 45 0.157270
38 46 0.142467
38 47 0.126146
38 48 0.109205
38 49 0.092459
38 50 0.076578
38 51 0.062059
38 52 0.049222
38 53 0.038217
38 54 0.029050
38 55 0.021620
38 56 0.015748
38 57 0.011211
38 58 0.007788
38 59 0.005265
38 60 0.003410
38 61 0.002016
38 62 0.000936
38 63 0.000000

39 0 0.000000
39 1 0.000550
39 2 0.001196
39 3 0.002051
39 4 0.003225
39 5 0.004868
39 6 0.007154
39 7 0.010268
39 8 0.014416
39 9 0.019817
39 10 0.026683
39 11 0.035189
39 12 0.045450
39 13 0.057482
39 14 0.071181
39 15 0.086290
39 16 0.102390
39 17 0.118901
39 18 0.135111
39 19 0.150222
39 20 0.163416
39 21 0.173943
39 22 0.181206
39 23 0.184849
39 24 0.184821
39 25 0.181405
39 26 0.175220
39 27 0.167163
39 28 0.158328
39 29 0.149879
39 30 0.142916
39 31 0.138342
39 32 0.136749
39 33 0.138342
39 34 0.142916
39 35 0.149879
39 36 0.158328
39 37 0.167163
39 38 0.175220
39 39 0.181405
39 40 0.184821
39 41 0.184849
39 42 0.181206
39 43 0.173943
39 44 0.163416
39 45 0.150222
39 46 0.135111
39 47 0.118901
39 48 0.102390
39 49 0.086290
39 50 0.071181
39 51 0.057482
39 52 0.045450
39 53 0.035189
39 54 0.026682
39 55 0.019813
39 56 0.014402
39 57 0.010235
39 58 0.007098
39 59 0.004792
39 60 0.003099
39 61 0.001831
39 62 0.000850
39 63 0.000000

40 0 0.000000
40 1 0.000491
40 2 0.001068
40 3 0.001834
40 4 0.002887
40 5 0.004364
40 6 0.006425
40 7 0.009238
40 8 0.012996
40 9 0.017906
40 10 0.024169
40 11 0.031962
40 12 0.041407
40 13 0.052548
40 14 0.065321
40 15 0.079528
40 16 0.094829
40 17 0.110736
40 18 0.126640
40 19 0.141843
40 20 0.155619
40 21 0.167285
40 22 0.176278
40 23 0.182229
40 24 0.185021
40 25 0.184821
40 26 0.182079
40 27 0.177490
40 28 0.171920
40 29 0.166303
40 30 0.161533
40 31 0.158347
40 32 0.157229
40 33 0.158347
40 34 0.161533
40 35 0.166303
40 36 0.171920
40 37 0.177490
40 38 0.182079
40 39 0.184821
40 40 0.185021
40 41 0.182229
40 42 0.176278
40 43 0.167285
40 44 0.155619
40 45 0.141843
40 46 0.126640
40 47 0.110736
40 48 0.094829
40 49 0.079528
40 50 0.065321
40 51 0.052548
40 52 0.041407
40 53 0.031962
40 54 0.024169
40 55 0.017903
40 56 0.012985
40 57 0.009209
40 58 0.006376
40 59 0.004297
40 60 0.002775
40 61 0.001638
40 62 0.000760
40 63 0.000000

41 0 0.000000
41 1 0.000431
41 2 0.000940
41 3 0.001614
41 4 0.002546
41 5 0.003854
41 6 0.005684
41 7 0.008190
41 8 0.011547
41 9 0.015948
41 10 0.021584
41 11 0.028627
41 12 0.037207
41 13 0.047389
41 14 0.059146
41 15 0.072336
41 16 0.086691
41 17 0.101814
41 18 0.117194
41 19 0.132233
41 20 0.146297
41 21 0.158772
41 22 0.169135
41 23 0.177011
41 24 0.182229
41 25 0.184849
41 26 0.185170
41 27 0.183693
41 28 0.181072
41 29 0.178029
41 30 0.175258
41 31 0.173340
41 32 0.172656
41 33 0.173340
41 34 0.175258
41 35 0.178029
41 36 0.181072
41 37 0.183693
41 38 0.185170
41 39 0.184849
41 40 0.182229
41 41 0.177011
41 42 0.169135
41 43 0.158772
41 44 0.146297
41 45 0.132233
41 46 0.117194
41 47 0.101814
41 48 0.086691
41 49 0.072336
41 50 0.059146
41 51 0.047389
41 52 0.037207
41 53 0.028626
41 54 0.021583
41 55 0.015945
41 56 0.011537
41 57 0.008165
41 58 0.005642
41 59 0.003795
41 60 0.002447
41 61 0.001443
41 62 0.000669
41 63 0.000000

42 0 0.000000
42 1 0.000373
42 2 0.000814
42 3 0.001399
42 4 0.002210
42 5 0.003352
42 6 0.004954
42 7 0.007152
42 8 0.010108
42 9 0.013997
42 10 0.018997
42 11 0.025274
42 12 0.032962
42 13 0.042140
42 14 0.052814
42 15 0.064891
42 16 0.078171
42 17 0.092338
42 18 0.106973
42 19 0.121575
42 20 0.135599
42 21 0.148504
42 22 0.159806
42 23 0.169135
42 24 0.176278
42 25 0.181206
42 26 0.184081
42 27 0.185238
42 28 0.185138
42 29 0.184308
42 30 0.183266
42 31 0.182447
42 32 0.182140
42 33 0.182447
42 34 0.183266
42 35 0.184308
42 36 0.185138
42 37 0.185238
42 38 0.184081
42 39 0.181206
42 40 0.176278
42 41 0.169135
42 42 0.159806
42 43 0.148504
42 44 0.135599
42 45 0.121575
42 46 0.106973
